History: [8, 10, 8], Probability: 0.09852702343432072, Reward: 1
History: [6, 12, 6], Probability: 0.050728642848080215, Reward: 1
History: [8, 12, 2, 11, 6, 11, 7, 12, 4, 9, 0, 9, 1, 9, 5, 10, 3], Probability: 0.024211850193094606, Reward: 0
History: [8, 12, 2, 11, 6, 11, 7, 12, 4, 9, 0, 10, 1, 9, 5, 9, 3], Probability: 0.024211850193094606, Reward: 0
History: [0, 11, 0], Probability: 0.01985041856739367, Reward: 1
History: [0, 10, 8, 10, 2, 10, 1, 9, 4, 9, 6, 12, 7, 11, 3, 11, 5], Probability: 0.01668856769052753, Reward: 0
History: [0, 10, 8, 10, 2, 11, 1, 9, 4, 11, 6, 12, 7, 10, 3, 11, 5], Probability: 0.01315988858868941, Reward: 0
History: [6, 10, 8, 9, 0, 11, 3, 11, 4, 9, 2, 10, 5, 10, 7, 12, 1], Probability: 0.011536964315176165, Reward: 0
History: [6, 10, 8, 9, 0, 11, 3, 11, 4, 9, 2, 10, 5, 12, 7, 12, 1], Probability: 0.011536964315176165, Reward: 0
History: [6, 10, 8, 9, 0, 11, 3, 11, 4, 9, 2, 12, 5, 10, 7, 10, 1], Probability: 0.011536964315176165, Reward: 0
History: [6, 10, 8, 9, 0, 11, 3, 11, 4, 9, 2, 12, 5, 12, 7, 10, 1], Probability: 0.011536964315176165, Reward: 0
History: [2, 10, 0, 12, 8, 12, 5, 10, 4, 10, 6, 11, 3, 11, 1, 9, 7], Probability: 0.01071179292219216, Reward: 0
History: [2, 10, 0, 12, 8, 12, 5, 10, 4, 12, 6, 11, 3, 11, 1, 9, 7], Probability: 0.01071179292219216, Reward: 0
History: [0, 10, 8, 10, 2, 11, 1, 9, 4, 12, 6, 12, 7, 10, 3, 11, 5], Probability: 0.010666845504522689, Reward: 0
History: [2, 12, 6, 12, 8, 12, 5, 10, 4, 10, 0, 11, 3, 11, 1, 9, 7], Probability: 0.010514970238076246, Reward: 0
History: [0, 10, 8, 10, 2, 10, 1, 9, 4, 9, 6, 11, 7, 11, 3, 11, 5], Probability: 0.008344283845263764, Reward: 0
History: [0, 10, 8, 10, 2, 10, 1, 9, 4, 9, 6, 11, 7, 11, 3, 12, 5], Probability: 0.008344283845263764, Reward: 0
History: [0, 12, 8, 10, 2, 10, 1, 9, 4, 9, 6, 12, 7, 11, 3, 11, 5], Probability: 0.00826135221870934, Reward: 0
History: [8, 12, 2, 11, 6, 11, 7, 12, 4, 9, 0, 9, 1, 12, 5, 10, 3], Probability: 0.00814527721974369, Reward: 0
History: [8, 12, 2, 11, 6, 11, 7, 12, 4, 9, 0, 10, 1, 12, 5, 9, 3], Probability: 0.00814527721974369, Reward: 0
History: [8, 12, 2, 11, 6, 11, 7, 12, 4, 9, 0, 9, 1, 10, 5, 10, 3], Probability: 0.007954073529139379, Reward: 0
History: [8, 12, 2, 11, 6, 11, 7, 12, 4, 9, 0, 10, 1, 10, 5, 9, 3], Probability: 0.007954073529139379, Reward: 0
History: [2, 11, 4, 12, 8, 11, 1, 10, 5], Probability: 0.006728997354414614, Reward: 1
History: [8, 11, 4, 11, 2, 11, 1, 10, 5], Probability: 0.006728997354414614, Reward: 1
History: [0, 10, 8, 10, 2, 11, 1, 9, 4, 11, 6, 11, 7, 10, 3, 11, 5], Probability: 0.006579944294344705, Reward: 0
History: [0, 10, 8, 10, 2, 11, 1, 9, 4, 11, 6, 11, 7, 10, 3, 12, 5], Probability: 0.006579944294344705, Reward: 0
History: [0, 12, 8, 10, 2, 11, 1, 9, 4, 11, 6, 12, 7, 10, 3, 11, 5], Probability: 0.006514547971174653, Reward: 0
History: [2, 10, 0, 12, 8, 12, 5, 10, 4, 10, 6, 11, 3, 9, 1, 9, 7], Probability: 0.005950996067884533, Reward: 0
History: [2, 10, 0, 12, 8, 12, 5, 10, 4, 12, 6, 11, 3, 9, 1, 9, 7], Probability: 0.005950996067884533, Reward: 0
History: [2, 12, 6, 12, 8, 12, 5, 10, 4, 10, 0, 11, 3, 9, 1, 9, 7], Probability: 0.005841650132264581, Reward: 0
History: [6, 12, 8, 9, 0, 11, 3, 11, 4, 9, 2, 10, 5, 10, 7, 12, 1], Probability: 0.0057111507416211515, Reward: 0
History: [6, 12, 8, 9, 0, 11, 3, 11, 4, 9, 2, 10, 5, 12, 7, 12, 1], Probability: 0.0057111507416211515, Reward: 0
History: [6, 12, 8, 9, 0, 11, 3, 11, 4, 9, 2, 12, 5, 10, 7, 10, 1], Probability: 0.0057111507416211515, Reward: 0
History: [6, 12, 8, 9, 0, 11, 3, 11, 4, 9, 2, 12, 5, 12, 7, 10, 1], Probability: 0.0057111507416211515, Reward: 0
History: [0, 12, 6, 10, 2, 12, 1, 9, 4, 10, 8, 12, 7, 10, 3, 11, 5], Probability: 0.005655638668205002, Reward: 0
History: [2, 10, 0, 12, 8, 12, 5, 10, 4, 10, 6, 9, 3, 11, 1, 9, 7], Probability: 0.00535589646109608, Reward: 0
History: [2, 10, 0, 12, 8, 12, 5, 10, 4, 10, 6, 9, 3, 11, 1, 11, 7], Probability: 0.00535589646109608, Reward: 0
History: [2, 10, 0, 12, 8, 12, 5, 10, 4, 12, 6, 9, 3, 11, 1, 9, 7], Probability: 0.00535589646109608, Reward: 0
History: [2, 10, 0, 12, 8, 12, 5, 10, 4, 12, 6, 9, 3, 11, 1, 11, 7], Probability: 0.00535589646109608, Reward: 0
History: [0, 10, 8, 10, 2, 11, 1, 9, 4, 12, 6, 11, 7, 10, 3, 11, 5], Probability: 0.005333422752261344, Reward: 0
History: [0, 10, 8, 10, 2, 11, 1, 9, 4, 12, 6, 11, 7, 10, 3, 12, 5], Probability: 0.005333422752261344, Reward: 0
History: [0, 12, 8, 10, 2, 11, 1, 9, 4, 12, 6, 12, 7, 10, 3, 11, 5], Probability: 0.005280415276467185, Reward: 0
History: [2, 12, 6, 12, 8, 12, 5, 10, 4, 10, 0, 9, 3, 11, 1, 9, 7], Probability: 0.005257485119038123, Reward: 0
History: [2, 12, 6, 12, 8, 12, 5, 10, 4, 10, 0, 9, 3, 11, 1, 11, 7], Probability: 0.005257485119038123, Reward: 0
History: [6, 11, 2, 9, 0, 9, 3, 11, 4, 12, 8, 10, 5, 10, 7, 12, 1], Probability: 0.004871450108254857, Reward: 0
History: [6, 11, 2, 9, 0, 9, 3, 11, 4, 12, 8, 10, 5, 12, 7, 12, 1], Probability: 0.004871450108254857, Reward: 0
History: [6, 11, 2, 9, 0, 9, 3, 11, 4, 12, 8, 12, 5, 10, 7, 10, 1], Probability: 0.004871450108254857, Reward: 0
History: [6, 11, 2, 9, 0, 9, 3, 11, 4, 12, 8, 12, 5, 12, 7, 10, 1], Probability: 0.004871450108254857, Reward: 0
History: [0, 10, 8, 10, 2, 11, 1, 9, 4, 11, 6, 12, 7, 10, 5, 11, 3], Probability: 0.004774826833064301, Reward: 0
History: [6, 10, 8, 9, 0, 11, 3, 11, 4, 10, 2, 10, 5, 9, 7, 12, 1], Probability: 0.004606726946631356, Reward: 0
History: [6, 10, 8, 9, 0, 11, 3, 11, 4, 10, 2, 12, 5, 9, 7, 10, 1], Probability: 0.004606726946631356, Reward: 0
History: [6, 10, 8, 9, 0, 10, 3, 11, 4, 11, 2, 10, 5, 9, 7, 12, 1], Probability: 0.004492733805060433, Reward: 0
History: [6, 10, 8, 9, 0, 10, 3, 11, 4, 11, 2, 12, 5, 9, 7, 10, 1], Probability: 0.004492733805060433, Reward: 0
History: [8, 11, 0, 11, 6, 11, 7, 12, 4, 12, 2, 9, 1, 9, 5, 10, 3], Probability: 0.004433710513589531, Reward: 0
History: [8, 11, 0, 11, 6, 11, 7, 12, 4, 12, 2, 10, 1, 9, 5, 9, 3], Probability: 0.004433710513589531, Reward: 0
History: [0, 11, 4, 10, 6, 11, 7, 9, 3], Probability: 0.00428438208051599, Reward: 1
History: [0, 12, 8, 10, 2, 10, 1, 9, 4, 9, 6, 11, 7, 11, 3, 11, 5], Probability: 0.00413067610935467, Reward: 0
History: [0, 12, 8, 10, 2, 10, 1, 9, 4, 9, 6, 11, 7, 11, 3, 12, 5], Probability: 0.00413067610935467, Reward: 0
History: [0, 10, 8, 10, 2, 11, 1, 9, 4, 12, 6, 12, 7, 10, 5, 11, 3], Probability: 0.0038702713777471714, Reward: 0
History: [2, 11, 6, 12, 8, 12, 5, 10, 4, 10, 0, 11, 3, 11, 1, 9, 7], Probability: 0.0038380134728768357, Reward: 0
History: [0, 12, 6, 10, 2, 12, 1, 9, 4, 9, 8, 12, 7, 12, 3, 11, 5], Probability: 0.0037839094184815283, Reward: 0
History: [0, 12, 6, 10, 2, 12, 1, 9, 4, 9, 8, 12, 7, 10, 3, 11, 5], Probability: 0.003783909418481525, Reward: 0
History: [0, 12, 6, 10, 2, 9, 1, 9, 4, 12, 8, 12, 7, 12, 3, 11, 5], Probability: 0.003710539455039728, Reward: 0
History: [0, 12, 6, 10, 2, 9, 1, 9, 4, 12, 8, 12, 7, 10, 3, 11, 5], Probability: 0.003710539455039724, Reward: 0
History: [0, 11, 4, 10, 2, 11, 1, 10, 7, 11, 5, 11, 3, 9, 6, 12, 8], Probability: 0.003364498677207307, Reward: 0
History: [0, 11, 4, 10, 2, 11, 1, 10, 7, 11, 5, 12, 3, 9, 6, 11, 8], Probability: 0.003364498677207307, Reward: 0
History: [2, 11, 4, 12, 0, 11, 1, 10, 7, 11, 5, 11, 3, 9, 6, 12, 8], Probability: 0.003364498677207307, Reward: 0
History: [2, 11, 4, 12, 0, 11, 1, 10, 7, 11, 5, 12, 3, 9, 6, 11, 8], Probability: 0.003364498677207307, Reward: 0
History: [2, 12, 8, 12, 0, 10, 1, 9, 6, 9, 3, 9, 4], Probability: 0.003304540887483736, Reward: 1
History: [2, 12, 8, 12, 0, 10, 1, 9, 6, 9, 4, 9, 3], Probability: 0.003304540887483736, Reward: 1
History: [2, 12, 8, 12, 0, 10, 1, 9, 6, 9, 5, 9, 4], Probability: 0.003304540887483736, Reward: 1
History: [2, 12, 8, 12, 0, 10, 1, 9, 6, 9, 6], Probability: 0.003304540887483736, Reward: 1
History: [2, 12, 8, 12, 0, 10, 1, 9, 6, 9, 7, 9, 4], Probability: 0.003304540887483736, Reward: 1
History: [0, 12, 8, 10, 2, 11, 1, 9, 4, 11, 6, 11, 7, 10, 3, 11, 5], Probability: 0.0032572739855873264, Reward: 0
History: [0, 12, 8, 10, 2, 11, 1, 9, 4, 11, 6, 11, 7, 10, 3, 12, 5], Probability: 0.0032572739855873264, Reward: 0
History: [2, 12, 6, 12, 8, 9, 5, 10, 4, 11, 0, 11, 3, 9, 1, 9, 7], Probability: 0.0031882966178737138, Reward: 0
History: [2, 10, 0, 12, 8, 10, 5, 10, 4, 12, 6, 11, 3, 11, 1, 9, 7], Probability: 0.003175761531041379, Reward: 0
History: [2, 10, 0, 12, 8, 11, 5, 10, 4, 12, 6, 11, 3, 11, 1, 9, 7], Probability: 0.003175761531041379, Reward: 0
History: [6, 10, 8, 9, 0, 11, 3, 11, 4, 10, 2, 10, 5, 11, 7, 12, 1], Probability: 0.003032709319220043, Reward: 0
History: [6, 10, 8, 9, 0, 11, 3, 11, 4, 10, 2, 12, 5, 11, 7, 10, 1], Probability: 0.003032709319220043, Reward: 0
History: [2, 10, 0, 12, 8, 12, 5, 10, 4, 10, 6, 9, 3, 9, 1, 9, 7], Probability: 0.0029754980339422666, Reward: 0
History: [2, 10, 0, 12, 8, 12, 5, 10, 4, 10, 6, 9, 3, 9, 1, 11, 7], Probability: 0.0029754980339422666, Reward: 0
History: [2, 10, 0, 12, 8, 12, 5, 10, 4, 12, 6, 9, 3, 9, 1, 9, 7], Probability: 0.0029754980339422666, Reward: 0
History: [2, 10, 0, 12, 8, 12, 5, 10, 4, 12, 6, 9, 3, 9, 1, 11, 7], Probability: 0.0029754980339422666, Reward: 0
History: [2, 12, 8, 12, 0, 11, 1, 9, 6, 11, 0], Probability: 0.0029594111727460075, Reward: 1
History: [2, 12, 8, 12, 0, 11, 1, 9, 6, 11, 2], Probability: 0.0029594111727460075, Reward: 1
History: [2, 12, 8, 12, 0, 11, 1, 9, 6, 11, 3, 9, 4], Probability: 0.0029594111727460075, Reward: 1
History: [2, 12, 8, 12, 0, 11, 1, 9, 6, 11, 4, 9, 3], Probability: 0.0029594111727460075, Reward: 1
History: [2, 12, 8, 12, 0, 11, 1, 9, 6, 11, 5, 9, 4], Probability: 0.0029594111727460075, Reward: 1
History: [2, 12, 8, 12, 0, 11, 1, 9, 6, 11, 7, 9, 4], Probability: 0.0029594111727460075, Reward: 1
History: [6, 10, 8, 9, 0, 10, 3, 11, 4, 11, 2, 10, 5, 11, 7, 12, 1], Probability: 0.002957665135621945, Reward: 0
History: [6, 10, 8, 9, 0, 10, 3, 11, 4, 11, 2, 12, 5, 11, 7, 10, 1], Probability: 0.002957665135621945, Reward: 0
History: [2, 12, 6, 12, 8, 12, 5, 10, 4, 10, 0, 9, 3, 9, 1, 9, 7], Probability: 0.0029208250661322903, Reward: 0
History: [2, 12, 6, 12, 8, 12, 5, 10, 4, 10, 0, 9, 3, 9, 1, 11, 7], Probability: 0.0029208250661322903, Reward: 0
History: [0, 12, 6, 10, 2, 12, 1, 9, 4, 10, 8, 11, 7, 10, 3, 11, 5], Probability: 0.002827819334102501, Reward: 0
History: [0, 12, 6, 10, 2, 12, 1, 9, 4, 10, 8, 11, 7, 10, 3, 12, 5], Probability: 0.002827819334102501, Reward: 0
History: [2, 11, 0, 12, 8, 11, 5, 10, 4, 9, 6, 11, 3, 9, 1, 9, 7], Probability: 0.0027864516289195485, Reward: 0
History: [2, 11, 0, 12, 8, 11, 5, 10, 4, 11, 6, 11, 3, 9, 1, 9, 7], Probability: 0.0027864516289195485, Reward: 0
History: [0, 12, 8, 10, 2, 11, 1, 9, 4, 12, 6, 11, 7, 10, 3, 11, 5], Probability: 0.0026402076382335926, Reward: 0
History: [0, 12, 8, 10, 2, 11, 1, 9, 4, 12, 6, 11, 7, 10, 3, 12, 5], Probability: 0.0026402076382335926, Reward: 0
History: [8, 11, 4, 11, 6, 11, 3, 11, 7], Probability: 0.002517531803452715, Reward: 1
History: [8, 11, 6, 11, 2, 12, 5, 10, 0, 10, 0], Probability: 0.0023880972720122535, Reward: 1
History: [8, 11, 6, 11, 2, 12, 5, 10, 0, 10, 1, 10, 4], Probability: 0.0023880972720122535, Reward: 1
History: [8, 11, 6, 11, 2, 12, 5, 10, 0, 10, 3, 10, 4], Probability: 0.0023880972720122535, Reward: 1
History: [8, 11, 6, 11, 2, 12, 5, 10, 0, 10, 4, 10, 1], Probability: 0.0023880972720122535, Reward: 1
History: [8, 11, 6, 11, 2, 12, 5, 10, 0, 10, 7, 10, 4], Probability: 0.0023880972720122535, Reward: 1
History: [0, 10, 8, 10, 2, 11, 1, 9, 4, 11, 6, 11, 7, 10, 5, 11, 3], Probability: 0.0023874134165321505, Reward: 0
History: [0, 10, 8, 10, 2, 11, 1, 9, 4, 11, 6, 11, 7, 10, 5, 12, 3], Probability: 0.0023874134165321505, Reward: 0
History: [0, 12, 8, 10, 2, 11, 1, 9, 4, 11, 6, 12, 7, 10, 5, 11, 3], Probability: 0.0023636855470633707, Reward: 0
History: [6, 12, 8, 9, 0, 11, 3, 11, 4, 10, 2, 10, 5, 9, 7, 12, 1], Probability: 0.0022804709539658544, Reward: 0
History: [6, 12, 8, 9, 0, 11, 3, 11, 4, 10, 2, 12, 5, 9, 7, 10, 1], Probability: 0.0022804709539658544, Reward: 0
History: [6, 12, 8, 9, 0, 10, 3, 11, 4, 11, 2, 10, 5, 9, 7, 12, 1], Probability: 0.0022240408569977896, Reward: 0
History: [6, 12, 8, 9, 0, 10, 3, 11, 4, 11, 2, 12, 5, 9, 7, 10, 1], Probability: 0.0022240408569977896, Reward: 0
History: [2, 11, 6, 12, 8, 12, 5, 10, 4, 10, 0, 11, 3, 9, 1, 9, 7], Probability: 0.0021322297071537976, Reward: 0
History: [0, 11, 6, 10, 2, 12, 1, 9, 4, 10, 8, 12, 7, 10, 3, 11, 5], Probability: 0.002064334650010885, Reward: 0
History: [2, 12, 8, 12, 0, 11, 1, 9, 6, 12, 0], Probability: 0.0020560909041111163, Reward: 1
History: [2, 12, 8, 12, 0, 11, 1, 9, 6, 12, 2], Probability: 0.0020560909041111163, Reward: 1
History: [2, 12, 8, 12, 0, 11, 1, 9, 6, 12, 3, 9, 4], Probability: 0.0020560909041111163, Reward: 1
History: [2, 12, 8, 12, 0, 11, 1, 9, 6, 12, 4, 9, 3], Probability: 0.0020560909041111163, Reward: 1
History: [2, 12, 8, 12, 0, 11, 1, 9, 6, 12, 5, 9, 4], Probability: 0.0020560909041111163, Reward: 1
History: [2, 12, 8, 12, 0, 11, 1, 9, 6, 12, 6], Probability: 0.0020560909041111163, Reward: 1
History: [2, 12, 8, 12, 0, 11, 1, 9, 6, 12, 7, 9, 4], Probability: 0.0020560909041111163, Reward: 1
History: [0, 12, 6, 10, 2, 12, 1, 9, 4, 10, 8, 12, 7, 10, 5, 11, 3], Probability: 0.002052045888463763, Reward: 0
History: [0, 10, 8, 10, 2, 11, 1, 9, 4, 12, 6, 11, 7, 10, 5, 11, 3], Probability: 0.0019351356888735857, Reward: 0
History: [0, 10, 8, 10, 2, 11, 1, 9, 4, 12, 6, 11, 7, 10, 5, 12, 3], Probability: 0.0019351356888735857, Reward: 0
History: [2, 11, 6, 12, 8, 12, 5, 10, 4, 10, 0, 9, 3, 11, 1, 9, 7], Probability: 0.0019190067364384179, Reward: 0
History: [2, 11, 6, 12, 8, 12, 5, 10, 4, 10, 0, 9, 3, 11, 1, 11, 7], Probability: 0.0019190067364384179, Reward: 0
History: [0, 12, 8, 10, 2, 11, 1, 9, 4, 12, 6, 12, 7, 10, 5, 11, 3], Probability: 0.0019159028879217226, Reward: 0
History: [0, 12, 6, 10, 2, 12, 1, 9, 4, 9, 8, 11, 7, 12, 3, 11, 5], Probability: 0.0018919547092407642, Reward: 0
History: [0, 12, 6, 10, 2, 12, 1, 9, 4, 9, 8, 11, 7, 12, 3, 12, 5], Probability: 0.0018919547092407642, Reward: 0
History: [0, 12, 6, 10, 2, 12, 1, 9, 4, 9, 8, 11, 7, 10, 3, 11, 5], Probability: 0.0018919547092407624, Reward: 0
History: [0, 12, 6, 10, 2, 12, 1, 9, 4, 9, 8, 11, 7, 10, 3, 12, 5], Probability: 0.0018919547092407624, Reward: 0
History: [0, 12, 6, 10, 2, 9, 1, 9, 4, 12, 8, 11, 7, 12, 3, 11, 5], Probability: 0.001855269727519864, Reward: 0
History: [0, 12, 6, 10, 2, 9, 1, 9, 4, 12, 8, 11, 7, 12, 3, 12, 5], Probability: 0.001855269727519864, Reward: 0
History: [0, 12, 6, 10, 2, 9, 1, 9, 4, 12, 8, 11, 7, 10, 3, 11, 5], Probability: 0.001855269727519862, Reward: 0
History: [0, 12, 6, 10, 2, 9, 1, 9, 4, 12, 8, 11, 7, 10, 3, 12, 5], Probability: 0.001855269727519862, Reward: 0
History: [8, 12, 0, 11, 6, 11, 7, 12, 4, 9, 2, 9, 1, 9, 5, 10, 3], Probability: 0.0017828037013309004, Reward: 0
History: [8, 12, 0, 11, 6, 11, 7, 12, 4, 9, 2, 10, 1, 9, 5, 9, 3], Probability: 0.0017828037013309004, Reward: 0
History: [8, 12, 0, 11, 6, 11, 7, 12, 4, 12, 2, 9, 1, 9, 5, 10, 3], Probability: 0.0017828037013309004, Reward: 0
History: [8, 12, 0, 11, 6, 11, 7, 12, 4, 12, 2, 10, 1, 9, 5, 9, 3], Probability: 0.0017828037013309004, Reward: 0
History: [2, 10, 0, 12, 8, 10, 5, 10, 4, 12, 6, 11, 3, 9, 1, 9, 7], Probability: 0.001764311961689655, Reward: 0
History: [2, 10, 0, 12, 8, 11, 5, 10, 4, 12, 6, 11, 3, 9, 1, 9, 7], Probability: 0.001764311961689655, Reward: 0
History: [2, 12, 6, 12, 8, 9, 5, 10, 4, 11, 0, 9, 3, 9, 1, 9, 7], Probability: 0.0015941483089368569, Reward: 0
History: [2, 12, 6, 12, 8, 9, 5, 10, 4, 11, 0, 9, 3, 9, 1, 11, 7], Probability: 0.0015941483089368569, Reward: 0
History: [2, 10, 0, 12, 8, 10, 5, 10, 4, 12, 6, 9, 3, 11, 1, 9, 7], Probability: 0.0015878807655206894, Reward: 0
History: [2, 10, 0, 12, 8, 10, 5, 10, 4, 12, 6, 9, 3, 11, 1, 11, 7], Probability: 0.0015878807655206894, Reward: 0
History: [2, 10, 0, 12, 8, 11, 5, 10, 4, 12, 6, 9, 3, 11, 1, 9, 7], Probability: 0.0015878807655206894, Reward: 0
History: [2, 10, 0, 12, 8, 11, 5, 10, 4, 12, 6, 9, 3, 11, 1, 11, 7], Probability: 0.0015878807655206894, Reward: 0
History: [6, 12, 8, 9, 0, 11, 3, 11, 4, 10, 2, 10, 5, 11, 7, 12, 1], Probability: 0.0015012840123637369, Reward: 0
History: [6, 12, 8, 9, 0, 11, 3, 11, 4, 10, 2, 12, 5, 11, 7, 10, 1], Probability: 0.0015012840123637369, Reward: 0
History: [8, 11, 0, 11, 6, 11, 7, 12, 4, 12, 2, 9, 1, 12, 5, 10, 3], Probability: 0.0014915754457946718, Reward: 0
History: [8, 11, 0, 11, 6, 11, 7, 12, 4, 12, 2, 10, 1, 12, 5, 9, 3], Probability: 0.0014915754457946718, Reward: 0
History: [6, 12, 8, 9, 0, 10, 3, 11, 4, 11, 2, 10, 5, 11, 7, 12, 1], Probability: 0.0014641348426946543, Reward: 0
History: [6, 12, 8, 9, 0, 10, 3, 11, 4, 11, 2, 12, 5, 11, 7, 10, 1], Probability: 0.0014641348426946543, Reward: 0
History: [8, 11, 0, 11, 6, 11, 7, 12, 4, 12, 2, 9, 1, 10, 5, 10, 3], Probability: 0.0014565619376774263, Reward: 0
History: [8, 11, 0, 11, 6, 11, 7, 12, 4, 12, 2, 10, 1, 10, 5, 9, 3], Probability: 0.0014565619376774263, Reward: 0
History: [6, 10, 8, 9, 0, 10, 3, 11, 4, 12, 2, 10, 5, 11, 7, 12, 1], Probability: 0.0013989851669332352, Reward: 0
History: [6, 10, 8, 9, 0, 10, 3, 11, 4, 12, 2, 12, 5, 11, 7, 10, 1], Probability: 0.0013989851669332352, Reward: 0
History: [6, 10, 8, 9, 0, 10, 3, 11, 4, 12, 2, 10, 5, 9, 7, 12, 1], Probability: 0.001398985166933235, Reward: 0
History: [6, 10, 8, 9, 0, 10, 3, 11, 4, 12, 2, 10, 5, 10, 7, 12, 1], Probability: 0.001398985166933235, Reward: 0
History: [6, 10, 8, 9, 0, 10, 3, 11, 4, 12, 2, 10, 5, 12, 7, 12, 1], Probability: 0.001398985166933235, Reward: 0
History: [6, 10, 8, 9, 0, 10, 3, 11, 4, 12, 2, 12, 5, 9, 7, 10, 1], Probability: 0.001398985166933235, Reward: 0
History: [6, 10, 8, 9, 0, 10, 3, 11, 4, 12, 2, 12, 5, 10, 7, 10, 1], Probability: 0.001398985166933235, Reward: 0
History: [6, 10, 8, 9, 0, 10, 3, 11, 4, 12, 2, 12, 5, 12, 7, 10, 1], Probability: 0.001398985166933235, Reward: 0
History: [2, 11, 0, 12, 8, 11, 5, 10, 4, 9, 6, 9, 3, 9, 1, 9, 7], Probability: 0.0013932258144597743, Reward: 0
History: [2, 11, 0, 12, 8, 11, 5, 10, 4, 9, 6, 9, 3, 9, 1, 11, 7], Probability: 0.0013932258144597743, Reward: 0
History: [2, 11, 0, 12, 8, 11, 5, 10, 4, 11, 6, 9, 3, 9, 1, 9, 7], Probability: 0.0013932258144597743, Reward: 0
History: [2, 11, 0, 12, 8, 11, 5, 10, 4, 11, 6, 9, 3, 9, 1, 11, 7], Probability: 0.0013932258144597743, Reward: 0
History: [0, 11, 6, 10, 2, 12, 1, 9, 4, 9, 8, 12, 7, 12, 3, 11, 5], Probability: 0.0013811446917546997, Reward: 0
History: [0, 11, 6, 10, 2, 12, 1, 9, 4, 9, 8, 12, 7, 10, 3, 11, 5], Probability: 0.0013811446917546984, Reward: 0
History: [2, 12, 6, 12, 8, 9, 5, 10, 4, 10, 0, 11, 3, 9, 1, 9, 7], Probability: 0.0013599217475694211, Reward: 0
History: [2, 12, 6, 12, 8, 9, 5, 10, 4, 10, 0, 11, 3, 11, 1, 9, 7], Probability: 0.0013599217475694211, Reward: 0
History: [2, 12, 6, 12, 8, 9, 5, 10, 4, 10, 0, 11, 3, 12, 1, 9, 7], Probability: 0.0013599217475694185, Reward: 0
History: [2, 11, 0, 12, 8, 10, 5, 10, 4, 12, 6, 11, 3, 11, 1, 9, 7], Probability: 0.0013570418135851108, Reward: 0
History: [0, 11, 6, 10, 2, 9, 1, 9, 4, 12, 8, 12, 7, 12, 3, 11, 5], Probability: 0.0013543643108483974, Reward: 0
History: [0, 11, 6, 10, 2, 9, 1, 9, 4, 12, 8, 12, 7, 10, 3, 11, 5], Probability: 0.0013543643108483963, Reward: 0
History: [8, 12, 0, 11, 6, 11, 7, 12, 4, 11, 2, 9, 1, 9, 5, 10, 3], Probability: 0.0012659595884323353, Reward: 0
History: [8, 12, 0, 11, 6, 11, 7, 12, 4, 11, 2, 10, 1, 9, 5, 9, 3], Probability: 0.0012659595884323353, Reward: 0
History: [0, 12, 8, 10, 2, 11, 1, 9, 4, 11, 6, 11, 7, 10, 5, 11, 3], Probability: 0.0011818427735316853, Reward: 0
History: [0, 12, 8, 10, 2, 11, 1, 9, 4, 11, 6, 11, 7, 10, 5, 12, 3], Probability: 0.0011818427735316853, Reward: 0
History: [2, 11, 6, 12, 8, 9, 5, 10, 4, 11, 0, 11, 3, 9, 1, 9, 7], Probability: 0.001163743224932391, Reward: 0
History: [8, 12, 2, 11, 6, 11, 7, 12, 4, 9, 0, 9, 1, 12, 3, 10, 5], Probability: 0.001163611031391956, Reward: 0
History: [8, 12, 2, 11, 6, 11, 7, 12, 4, 9, 0, 10, 1, 12, 3, 9, 5], Probability: 0.001163611031391956, Reward: 0
History: [2, 12, 6, 12, 8, 9, 5, 10, 4, 11, 0, 11, 3, 9, 7, 9, 1], Probability: 0.0011568155870161265, Reward: 0
History: [6, 10, 8, 9, 0, 11, 3, 11, 4, 10, 2, 10, 5, 11, 1, 12, 7], Probability: 0.0011003635583010773, Reward: 0
History: [6, 10, 8, 9, 0, 11, 3, 11, 4, 10, 2, 12, 5, 11, 1, 10, 7], Probability: 0.0011003635583010773, Reward: 0
History: [6, 11, 4, 9, 8, 9, 7, 11, 1, 10, 3, 9, 5, 9, 2, 10, 0], Probability: 0.001094122452532179, Reward: 0
History: [6, 11, 4, 9, 8, 9, 7, 11, 1, 10, 3, 9, 5, 10, 2, 10, 0], Probability: 0.001094122452532179, Reward: 0
History: [6, 11, 4, 9, 8, 9, 7, 11, 1, 10, 3, 9, 5, 12, 2, 10, 0], Probability: 0.001094122452532179, Reward: 0
History: [6, 11, 4, 9, 8, 9, 7, 11, 1, 10, 3, 10, 5, 9, 2, 9, 0], Probability: 0.001094122452532179, Reward: 0
History: [6, 11, 4, 9, 8, 9, 7, 11, 1, 10, 3, 10, 5, 10, 2, 9, 0], Probability: 0.001094122452532179, Reward: 0
History: [6, 11, 4, 9, 8, 9, 7, 11, 1, 10, 3, 10, 5, 12, 2, 9, 0], Probability: 0.001094122452532179, Reward: 0
History: [6, 10, 8, 9, 0, 10, 3, 11, 4, 11, 2, 10, 5, 11, 1, 12, 7], Probability: 0.0010731351377035374, Reward: 0
History: [6, 10, 8, 9, 0, 10, 3, 11, 4, 11, 2, 12, 5, 11, 1, 10, 7], Probability: 0.0010731351377035374, Reward: 0
History: [2, 11, 6, 12, 8, 12, 5, 10, 4, 10, 0, 9, 3, 9, 1, 9, 7], Probability: 0.0010661148535768988, Reward: 0
History: [2, 11, 6, 12, 8, 12, 5, 10, 4, 10, 0, 9, 3, 9, 1, 11, 7], Probability: 0.0010661148535768988, Reward: 0
History: [0, 11, 6, 10, 2, 12, 1, 9, 4, 10, 8, 11, 7, 10, 3, 11, 5], Probability: 0.0010321673250054425, Reward: 0
History: [0, 11, 6, 10, 2, 12, 1, 9, 4, 10, 8, 11, 7, 10, 3, 12, 5], Probability: 0.0010321673250054425, Reward: 0
History: [0, 12, 6, 10, 2, 12, 1, 9, 4, 10, 8, 11, 7, 10, 5, 11, 3], Probability: 0.0010260229442318814, Reward: 0
History: [0, 12, 6, 10, 2, 12, 1, 9, 4, 10, 8, 11, 7, 10, 5, 12, 3], Probability: 0.0010260229442318814, Reward: 0
History: [6, 11, 8, 9, 0, 9, 3, 11, 4, 9, 2, 10, 5, 10, 7, 12, 1], Probability: 0.001013734891753301, Reward: 0
History: [6, 11, 8, 9, 0, 9, 3, 11, 4, 9, 2, 10, 5, 12, 7, 12, 1], Probability: 0.001013734891753301, Reward: 0
History: [6, 11, 8, 9, 0, 9, 3, 11, 4, 9, 2, 12, 5, 10, 7, 10, 1], Probability: 0.001013734891753301, Reward: 0
History: [6, 11, 8, 9, 0, 9, 3, 11, 4, 9, 2, 12, 5, 12, 7, 10, 1], Probability: 0.001013734891753301, Reward: 0
History: [6, 11, 8, 9, 0, 9, 3, 11, 4, 10, 2, 10, 5, 10, 7, 12, 1], Probability: 0.001013734891753301, Reward: 0
History: [6, 11, 8, 9, 0, 9, 3, 11, 4, 10, 2, 10, 5, 12, 7, 12, 1], Probability: 0.001013734891753301, Reward: 0
History: [6, 11, 8, 9, 0, 9, 3, 11, 4, 10, 2, 12, 5, 10, 7, 10, 1], Probability: 0.001013734891753301, Reward: 0
History: [6, 11, 8, 9, 0, 9, 3, 11, 4, 10, 2, 12, 5, 12, 7, 10, 1], Probability: 0.001013734891753301, Reward: 0
History: [6, 11, 8, 9, 0, 9, 3, 11, 4, 11, 2, 10, 5, 10, 7, 12, 1], Probability: 0.001013734891753301, Reward: 0
History: [6, 11, 8, 9, 0, 9, 3, 11, 4, 11, 2, 10, 5, 12, 7, 12, 1], Probability: 0.001013734891753301, Reward: 0
History: [6, 11, 8, 9, 0, 9, 3, 11, 4, 11, 2, 12, 5, 10, 7, 10, 1], Probability: 0.001013734891753301, Reward: 0
History: [6, 11, 8, 9, 0, 9, 3, 11, 4, 11, 2, 12, 5, 12, 7, 10, 1], Probability: 0.001013734891753301, Reward: 0
History: [6, 11, 8, 9, 0, 9, 3, 11, 4, 12, 2, 10, 5, 10, 7, 12, 1], Probability: 0.001013734891753301, Reward: 0
History: [6, 11, 8, 9, 0, 9, 3, 11, 4, 12, 2, 10, 5, 12, 7, 12, 1], Probability: 0.001013734891753301, Reward: 0
History: [6, 11, 8, 9, 0, 9, 3, 11, 4, 12, 2, 12, 5, 10, 7, 10, 1], Probability: 0.001013734891753301, Reward: 0
History: [6, 11, 8, 9, 0, 9, 3, 11, 4, 12, 2, 12, 5, 12, 7, 10, 1], Probability: 0.001013734891753301, Reward: 0
History: [2, 11, 0, 12, 8, 11, 5, 10, 4, 9, 6, 11, 3, 9, 7, 9, 1], Probability: 0.0010110134228823143, Reward: 0
History: [2, 11, 0, 12, 8, 11, 5, 10, 4, 11, 6, 11, 3, 9, 7, 9, 1], Probability: 0.0010110134228823143, Reward: 0
History: [0, 12, 8, 10, 2, 11, 1, 9, 4, 12, 6, 11, 7, 10, 5, 11, 3], Probability: 0.0009579514439608613, Reward: 0
History: [0, 12, 8, 10, 2, 11, 1, 9, 4, 12, 6, 11, 7, 10, 5, 12, 3], Probability: 0.0009579514439608613, Reward: 0
History: [0, 11, 4, 10, 6, 11, 3, 9, 5, 9, 1, 10, 7, 12, 8, 12, 2], Probability: 0.0009192708292842888, Reward: 0
History: [0, 11, 4, 10, 6, 11, 3, 9, 5, 9, 1, 12, 7, 12, 8, 10, 2], Probability: 0.0009192708292842888, Reward: 0
History: [2, 10, 0, 12, 8, 10, 5, 10, 4, 12, 6, 9, 3, 9, 1, 9, 7], Probability: 0.0008821559808448275, Reward: 0
History: [2, 10, 0, 12, 8, 10, 5, 10, 4, 12, 6, 9, 3, 9, 1, 11, 7], Probability: 0.0008821559808448275, Reward: 0
History: [2, 10, 0, 12, 8, 11, 5, 10, 4, 12, 6, 9, 3, 9, 1, 9, 7], Probability: 0.0008821559808448275, Reward: 0
History: [2, 10, 0, 12, 8, 11, 5, 10, 4, 12, 6, 9, 3, 9, 1, 11, 7], Probability: 0.0008821559808448275, Reward: 0
History: [8, 11, 0, 11, 6, 10, 7, 12, 4, 11, 2, 9, 1, 9, 5, 10, 3], Probability: 0.0008379288234873825, Reward: 0
History: [8, 11, 0, 11, 6, 10, 7, 12, 4, 11, 2, 9, 1, 12, 5, 10, 3], Probability: 0.0008379288234873825, Reward: 0
History: [8, 11, 0, 11, 6, 10, 7, 12, 4, 11, 2, 10, 1, 9, 5, 9, 3], Probability: 0.0008379288234873825, Reward: 0
History: [8, 11, 0, 11, 6, 10, 7, 12, 4, 11, 2, 10, 1, 12, 5, 9, 3], Probability: 0.0008379288234873825, Reward: 0
History: [6, 11, 4, 9, 0, 9, 3, 9, 5, 10, 7, 10, 1, 9, 2, 12, 8], Probability: 0.0007912141853139414, Reward: 0
History: [6, 11, 4, 9, 0, 9, 3, 9, 5, 10, 7, 12, 1, 9, 2, 10, 8], Probability: 0.0007912141853139414, Reward: 0
History: [2, 11, 0, 12, 8, 10, 5, 10, 4, 12, 6, 11, 3, 9, 1, 9, 7], Probability: 0.0007539121186583949, Reward: 0
History: [0, 11, 6, 10, 2, 12, 1, 9, 4, 10, 8, 12, 7, 10, 5, 11, 3], Probability: 0.0007490063774375781, Reward: 0
History: [8, 11, 4, 11, 6, 11, 7, 11, 1, 10, 3, 9, 5, 9, 2, 10, 0], Probability: 0.0007140636800859984, Reward: 0
History: [8, 11, 4, 11, 6, 11, 7, 11, 1, 10, 3, 9, 5, 10, 2, 10, 0], Probability: 0.0007140636800859984, Reward: 0
History: [8, 11, 4, 11, 6, 11, 7, 11, 1, 10, 3, 9, 5, 12, 2, 10, 0], Probability: 0.0007140636800859984, Reward: 0
History: [8, 11, 4, 11, 6, 11, 7, 11, 1, 10, 3, 10, 5, 9, 2, 9, 0], Probability: 0.0007140636800859984, Reward: 0
History: [8, 11, 4, 11, 6, 11, 7, 11, 1, 10, 3, 10, 5, 10, 2, 9, 0], Probability: 0.0007140636800859984, Reward: 0
History: [8, 11, 4, 11, 6, 11, 7, 11, 1, 10, 3, 10, 5, 12, 2, 9, 0], Probability: 0.0007140636800859984, Reward: 0
History: [6, 12, 8, 9, 0, 10, 3, 11, 4, 12, 2, 10, 5, 11, 7, 12, 1], Probability: 0.0006925405119904574, Reward: 0
History: [6, 12, 8, 9, 0, 10, 3, 11, 4, 12, 2, 12, 5, 11, 7, 10, 1], Probability: 0.0006925405119904574, Reward: 0
History: [6, 12, 8, 9, 0, 10, 3, 11, 4, 12, 2, 10, 5, 9, 7, 12, 1], Probability: 0.0006925405119904573, Reward: 0
History: [6, 12, 8, 9, 0, 10, 3, 11, 4, 12, 2, 10, 5, 10, 7, 12, 1], Probability: 0.0006925405119904573, Reward: 0
History: [6, 12, 8, 9, 0, 10, 3, 11, 4, 12, 2, 10, 5, 12, 7, 12, 1], Probability: 0.0006925405119904573, Reward: 0
History: [6, 12, 8, 9, 0, 10, 3, 11, 4, 12, 2, 12, 5, 9, 7, 10, 1], Probability: 0.0006925405119904573, Reward: 0
History: [6, 12, 8, 9, 0, 10, 3, 11, 4, 12, 2, 12, 5, 10, 7, 10, 1], Probability: 0.0006925405119904573, Reward: 0
History: [6, 12, 8, 9, 0, 10, 3, 11, 4, 12, 2, 12, 5, 12, 7, 10, 1], Probability: 0.0006925405119904573, Reward: 0
History: [0, 11, 6, 10, 2, 12, 1, 9, 4, 9, 8, 11, 7, 12, 3, 11, 5], Probability: 0.0006905723458773498, Reward: 0
History: [0, 11, 6, 10, 2, 12, 1, 9, 4, 9, 8, 11, 7, 12, 3, 12, 5], Probability: 0.0006905723458773498, Reward: 0
History: [0, 11, 6, 10, 2, 12, 1, 9, 4, 9, 8, 11, 7, 10, 3, 11, 5], Probability: 0.0006905723458773492, Reward: 0
History: [0, 11, 6, 10, 2, 12, 1, 9, 4, 9, 8, 11, 7, 10, 3, 12, 5], Probability: 0.0006905723458773492, Reward: 0
History: [2, 12, 6, 12, 8, 9, 5, 10, 4, 10, 0, 9, 3, 9, 1, 9, 7], Probability: 0.0006799608737847106, Reward: 0
History: [2, 12, 6, 12, 8, 9, 5, 10, 4, 10, 0, 9, 3, 9, 1, 11, 7], Probability: 0.0006799608737847106, Reward: 0
History: [2, 12, 6, 12, 8, 9, 5, 10, 4, 10, 0, 9, 3, 11, 1, 9, 7], Probability: 0.0006799608737847106, Reward: 0
History: [2, 12, 6, 12, 8, 9, 5, 10, 4, 10, 0, 9, 3, 11, 1, 11, 7], Probability: 0.0006799608737847106, Reward: 0
History: [2, 12, 6, 12, 8, 9, 5, 10, 4, 10, 0, 9, 3, 12, 1, 9, 7], Probability: 0.0006799608737847093, Reward: 0
History: [2, 12, 6, 12, 8, 9, 5, 10, 4, 10, 0, 9, 3, 12, 1, 11, 7], Probability: 0.0006799608737847093, Reward: 0
History: [2, 11, 0, 12, 8, 10, 5, 10, 4, 12, 6, 9, 3, 11, 1, 9, 7], Probability: 0.0006785209067925554, Reward: 0
History: [2, 11, 0, 12, 8, 10, 5, 10, 4, 12, 6, 9, 3, 11, 1, 11, 7], Probability: 0.0006785209067925554, Reward: 0
History: [0, 11, 6, 10, 2, 9, 1, 9, 4, 12, 8, 11, 7, 12, 3, 11, 5], Probability: 0.0006771821554241987, Reward: 0
History: [0, 11, 6, 10, 2, 9, 1, 9, 4, 12, 8, 11, 7, 12, 3, 12, 5], Probability: 0.0006771821554241987, Reward: 0
History: [0, 11, 6, 10, 2, 9, 1, 9, 4, 12, 8, 11, 7, 10, 3, 11, 5], Probability: 0.0006771821554241982, Reward: 0
History: [0, 11, 6, 10, 2, 9, 1, 9, 4, 12, 8, 11, 7, 10, 3, 12, 5], Probability: 0.0006771821554241982, Reward: 0
History: [6, 10, 8, 9, 0, 11, 3, 11, 4, 10, 2, 10, 5, 9, 1, 12, 7], Probability: 0.0006581038495187652, Reward: 0
History: [6, 10, 8, 9, 0, 11, 3, 11, 4, 10, 2, 12, 5, 9, 1, 10, 7], Probability: 0.0006581038495187652, Reward: 0
History: [6, 10, 8, 9, 0, 10, 3, 11, 4, 11, 2, 10, 5, 9, 1, 12, 7], Probability: 0.0006418191150086332, Reward: 0
History: [6, 10, 8, 9, 0, 10, 3, 11, 4, 11, 2, 12, 5, 9, 1, 10, 7], Probability: 0.0006418191150086332, Reward: 0
History: [8, 12, 0, 11, 6, 11, 7, 12, 4, 9, 2, 9, 1, 12, 5, 10, 3], Probability: 0.0005997654148656071, Reward: 0
History: [8, 12, 0, 11, 6, 11, 7, 12, 4, 9, 2, 10, 1, 12, 5, 9, 3], Probability: 0.0005997654148656071, Reward: 0
History: [8, 12, 0, 11, 6, 11, 7, 12, 4, 12, 2, 9, 1, 12, 5, 10, 3], Probability: 0.0005997654148656071, Reward: 0
History: [8, 12, 0, 11, 6, 11, 7, 12, 4, 12, 2, 10, 1, 12, 5, 9, 3], Probability: 0.0005997654148656071, Reward: 0
History: [8, 12, 0, 11, 6, 11, 7, 12, 4, 9, 2, 9, 1, 10, 5, 10, 3], Probability: 0.0005856864145166492, Reward: 0
History: [8, 12, 0, 11, 6, 11, 7, 12, 4, 9, 2, 10, 1, 10, 5, 9, 3], Probability: 0.0005856864145166492, Reward: 0
History: [8, 12, 0, 11, 6, 11, 7, 12, 4, 12, 2, 9, 1, 10, 5, 10, 3], Probability: 0.0005856864145166492, Reward: 0
History: [8, 12, 0, 11, 6, 11, 7, 12, 4, 12, 2, 10, 1, 10, 5, 9, 3], Probability: 0.0005856864145166492, Reward: 0
History: [2, 11, 6, 12, 8, 9, 5, 10, 4, 11, 0, 9, 3, 9, 1, 9, 7], Probability: 0.0005818716124661955, Reward: 0
History: [2, 11, 6, 12, 8, 9, 5, 10, 4, 11, 0, 9, 3, 9, 1, 11, 7], Probability: 0.0005818716124661955, Reward: 0
History: [2, 12, 6, 12, 8, 9, 5, 10, 4, 11, 0, 9, 3, 9, 7, 9, 1], Probability: 0.0005784077935080633, Reward: 0
History: [2, 12, 6, 12, 8, 9, 5, 10, 4, 11, 0, 9, 3, 9, 7, 11, 1], Probability: 0.0005784077935080633, Reward: 0
History: [8, 11, 6, 11, 2, 9, 5, 10, 0, 10, 0], Probability: 0.0005672889355221449, Reward: 1
History: [8, 11, 6, 11, 2, 9, 5, 10, 0, 10, 1, 10, 4], Probability: 0.0005672889355221449, Reward: 1
History: [8, 11, 6, 11, 2, 9, 5, 10, 0, 10, 3, 10, 4], Probability: 0.0005672889355221449, Reward: 1
History: [8, 11, 6, 11, 2, 9, 5, 10, 0, 10, 4, 10, 1], Probability: 0.0005672889355221449, Reward: 1
History: [8, 11, 6, 11, 2, 9, 5, 10, 0, 10, 7, 10, 4], Probability: 0.0005672889355221449, Reward: 1
History: [8, 11, 6, 11, 2, 9, 5, 10, 0, 10, 8], Probability: 0.0005672889355221449, Reward: 1
History: [6, 11, 8, 9, 0, 10, 3, 11, 4, 9, 2, 10, 5, 10, 7, 12, 1], Probability: 0.00055699233227058, Reward: 0
History: [6, 11, 8, 9, 0, 10, 3, 11, 4, 9, 2, 10, 5, 12, 7, 12, 1], Probability: 0.00055699233227058, Reward: 0
History: [6, 11, 8, 9, 0, 10, 3, 11, 4, 9, 2, 12, 5, 10, 7, 10, 1], Probability: 0.00055699233227058, Reward: 0
History: [6, 11, 8, 9, 0, 10, 3, 11, 4, 9, 2, 12, 5, 12, 7, 10, 1], Probability: 0.00055699233227058, Reward: 0
History: [6, 12, 8, 9, 0, 11, 3, 11, 4, 10, 2, 10, 5, 11, 1, 12, 7], Probability: 0.0005447136682027717, Reward: 0
History: [6, 12, 8, 9, 0, 11, 3, 11, 4, 10, 2, 12, 5, 11, 1, 10, 7], Probability: 0.0005447136682027717, Reward: 0
History: [0, 12, 6, 10, 2, 12, 1, 9, 4, 9, 8, 12, 7, 10, 5, 11, 3], Probability: 0.0005405584883545046, Reward: 0
History: [0, 12, 6, 10, 2, 12, 1, 9, 4, 9, 8, 12, 7, 12, 5, 11, 3], Probability: 0.0005405584883545037, Reward: 0
History: [2, 10, 6, 12, 8, 12, 5, 10, 4, 9, 0, 11, 3, 11, 1, 9, 7], Probability: 0.0005372636102574902, Reward: 0
History: [2, 10, 6, 12, 8, 12, 5, 10, 4, 10, 0, 11, 3, 11, 1, 9, 7], Probability: 0.0005372636102574902, Reward: 0
History: [2, 10, 6, 12, 8, 12, 5, 10, 4, 11, 0, 11, 3, 11, 1, 9, 7], Probability: 0.0005372636102574902, Reward: 0
History: [2, 10, 6, 12, 8, 12, 5, 10, 4, 12, 0, 11, 3, 11, 1, 9, 7], Probability: 0.0005372636102574902, Reward: 0
History: [6, 12, 8, 9, 0, 10, 3, 11, 4, 11, 2, 10, 5, 11, 1, 12, 7], Probability: 0.0005312347659334585, Reward: 0
History: [6, 12, 8, 9, 0, 10, 3, 11, 4, 11, 2, 12, 5, 11, 1, 10, 7], Probability: 0.0005312347659334585, Reward: 0
History: [0, 12, 6, 10, 2, 9, 1, 9, 4, 12, 8, 12, 7, 10, 5, 11, 3], Probability: 0.000530077065005676, Reward: 0
History: [0, 12, 6, 10, 2, 9, 1, 9, 4, 12, 8, 12, 7, 12, 5, 11, 3], Probability: 0.000530077065005675, Reward: 0
History: [0, 12, 6, 10, 2, 9, 1, 9, 4, 10, 8, 12, 7, 11, 3, 11, 5], Probability: 0.0005264680136084784, Reward: 0
History: [6, 10, 8, 9, 0, 10, 3, 11, 4, 12, 2, 10, 5, 9, 1, 12, 7], Probability: 0.0005075963880023244, Reward: 0
History: [6, 10, 8, 9, 0, 10, 3, 11, 4, 12, 2, 12, 5, 9, 1, 10, 7], Probability: 0.0005075963880023244, Reward: 0
History: [6, 10, 8, 9, 0, 10, 3, 11, 4, 12, 2, 10, 5, 10, 1, 12, 7], Probability: 0.0005075963880023243, Reward: 0
History: [6, 10, 8, 9, 0, 10, 3, 11, 4, 12, 2, 10, 5, 12, 1, 12, 7], Probability: 0.0005075963880023243, Reward: 0
History: [6, 10, 8, 9, 0, 10, 3, 11, 4, 12, 2, 12, 5, 10, 1, 10, 7], Probability: 0.0005075963880023243, Reward: 0
History: [6, 10, 8, 9, 0, 10, 3, 11, 4, 12, 2, 12, 5, 12, 1, 10, 7], Probability: 0.0005075963880023243, Reward: 0
History: [6, 10, 8, 9, 0, 10, 3, 11, 4, 12, 2, 10, 5, 11, 1, 12, 7], Probability: 0.0005075963880023242, Reward: 0
History: [6, 10, 8, 9, 0, 10, 3, 11, 4, 12, 2, 12, 5, 11, 1, 10, 7], Probability: 0.0005075963880023242, Reward: 0
History: [2, 11, 0, 12, 8, 11, 5, 10, 4, 9, 6, 9, 3, 9, 7, 9, 1], Probability: 0.0005055067114411571, Reward: 0
History: [2, 11, 0, 12, 8, 11, 5, 10, 4, 9, 6, 9, 3, 9, 7, 11, 1], Probability: 0.0005055067114411571, Reward: 0
History: [2, 11, 0, 12, 8, 11, 5, 10, 4, 11, 6, 9, 3, 9, 7, 9, 1], Probability: 0.0005055067114411571, Reward: 0
History: [2, 11, 0, 12, 8, 11, 5, 10, 4, 11, 6, 9, 3, 9, 7, 11, 1], Probability: 0.0005055067114411571, Reward: 0
History: [2, 11, 6, 12, 8, 9, 5, 10, 4, 10, 0, 11, 3, 9, 1, 9, 7], Probability: 0.0004963778185818772, Reward: 0
History: [2, 11, 6, 12, 8, 9, 5, 10, 4, 10, 0, 11, 3, 11, 1, 9, 7], Probability: 0.0004963778185818772, Reward: 0
History: [2, 11, 6, 12, 8, 9, 5, 10, 4, 10, 0, 11, 3, 12, 1, 9, 7], Probability: 0.0004963778185818761, Reward: 0
History: [8, 11, 6, 11, 2, 9, 5, 10, 0, 11, 0], Probability: 0.00045313895484093094, Reward: 1
History: [8, 11, 6, 11, 2, 9, 5, 10, 0, 11, 1, 10, 4], Probability: 0.00045313895484093094, Reward: 1
History: [8, 11, 6, 11, 2, 9, 5, 10, 0, 11, 2], Probability: 0.00045313895484093094, Reward: 1
History: [8, 11, 6, 11, 2, 9, 5, 10, 0, 11, 3, 10, 4], Probability: 0.00045313895484093094, Reward: 1
History: [8, 11, 6, 11, 2, 9, 5, 10, 0, 11, 4, 10, 1], Probability: 0.00045313895484093094, Reward: 1
History: [8, 11, 6, 11, 2, 9, 5, 10, 0, 11, 7, 10, 4], Probability: 0.00045313895484093094, Reward: 1
History: [8, 11, 6, 11, 2, 9, 5, 10, 0, 11, 8], Probability: 0.00045313895484093094, Reward: 1
History: [6, 11, 4, 9, 0, 9, 3, 9, 5, 10, 1, 10, 7, 10, 8, 12, 2], Probability: 0.00043821093340464456, Reward: 0
History: [6, 11, 4, 9, 0, 9, 3, 9, 5, 10, 1, 10, 7, 12, 8, 12, 2], Probability: 0.00043821093340464456, Reward: 0
History: [6, 11, 4, 9, 0, 9, 3, 9, 5, 10, 1, 12, 7, 10, 8, 10, 2], Probability: 0.00043821093340464456, Reward: 0
History: [6, 11, 4, 9, 0, 9, 3, 9, 5, 10, 1, 12, 7, 12, 8, 10, 2], Probability: 0.00043821093340464456, Reward: 0
History: [8, 12, 0, 11, 6, 11, 7, 12, 4, 11, 2, 9, 1, 12, 5, 10, 3], Probability: 0.0004258902857293796, Reward: 0
History: [8, 12, 0, 11, 6, 11, 7, 12, 4, 11, 2, 10, 1, 12, 5, 9, 3], Probability: 0.0004258902857293796, Reward: 0
History: [2, 11, 6, 12, 8, 9, 5, 10, 4, 11, 0, 11, 3, 9, 7, 9, 1], Probability: 0.00042224311701086756, Reward: 0
History: [8, 12, 0, 11, 6, 11, 7, 12, 4, 11, 2, 9, 1, 10, 5, 10, 3], Probability: 0.00041589286118174165, Reward: 0
History: [8, 12, 0, 11, 6, 11, 7, 12, 4, 11, 2, 10, 1, 10, 5, 9, 3], Probability: 0.00041589286118174165, Reward: 0
History: [2, 11, 0, 12, 8, 10, 5, 10, 4, 12, 6, 9, 3, 9, 1, 9, 7], Probability: 0.00037695605932919744, Reward: 0
History: [2, 11, 0, 12, 8, 10, 5, 10, 4, 12, 6, 9, 3, 9, 1, 11, 7], Probability: 0.00037695605932919744, Reward: 0
History: [0, 11, 6, 10, 2, 12, 1, 9, 4, 10, 8, 11, 7, 10, 5, 11, 3], Probability: 0.00037450318871878907, Reward: 0
History: [0, 11, 6, 10, 2, 12, 1, 9, 4, 10, 8, 11, 7, 10, 5, 12, 3], Probability: 0.00037450318871878907, Reward: 0
History: [2, 10, 6, 12, 8, 9, 5, 10, 4, 12, 0, 11, 3, 11, 1, 9, 7], Probability: 0.0003405057069891967, Reward: 0
History: [2, 10, 6, 12, 8, 11, 5, 10, 4, 12, 0, 11, 3, 11, 1, 9, 7], Probability: 0.0003405057069891967, Reward: 0
History: [6, 12, 8, 9, 0, 11, 3, 11, 4, 10, 2, 10, 5, 9, 1, 12, 7], Probability: 0.0003257815648522649, Reward: 0
History: [6, 12, 8, 9, 0, 11, 3, 11, 4, 10, 2, 12, 5, 9, 1, 10, 7], Probability: 0.0003257815648522649, Reward: 0
History: [6, 12, 8, 9, 0, 10, 3, 11, 4, 11, 2, 10, 5, 9, 1, 12, 7], Probability: 0.00031772012242825564, Reward: 0
History: [6, 12, 8, 9, 0, 10, 3, 11, 4, 11, 2, 12, 5, 9, 1, 10, 7], Probability: 0.00031772012242825564, Reward: 0
History: [6, 11, 4, 9, 0, 9, 3, 9, 5, 12, 1, 10, 7, 10, 8, 12, 2], Probability: 0.0003098381398644507, Reward: 0
History: [6, 11, 4, 9, 0, 9, 3, 9, 5, 12, 1, 10, 7, 12, 8, 12, 2], Probability: 0.0003098381398644507, Reward: 0
History: [6, 11, 4, 9, 0, 9, 3, 9, 5, 12, 1, 12, 7, 10, 8, 10, 2], Probability: 0.0003098381398644507, Reward: 0
History: [6, 11, 4, 9, 0, 9, 3, 9, 5, 12, 1, 12, 7, 12, 8, 10, 2], Probability: 0.0003098381398644507, Reward: 0
History: [2, 10, 6, 12, 8, 12, 5, 10, 4, 9, 0, 11, 3, 9, 1, 9, 7], Probability: 0.0002984797834763835, Reward: 0
History: [2, 10, 6, 12, 8, 12, 5, 10, 4, 10, 0, 11, 3, 9, 1, 9, 7], Probability: 0.0002984797834763835, Reward: 0
History: [2, 10, 6, 12, 8, 12, 5, 10, 4, 11, 0, 11, 3, 9, 1, 9, 7], Probability: 0.0002984797834763835, Reward: 0
History: [2, 10, 6, 12, 8, 12, 5, 10, 4, 12, 0, 11, 3, 9, 1, 9, 7], Probability: 0.0002984797834763835, Reward: 0
History: [0, 12, 6, 10, 2, 12, 1, 9, 4, 9, 8, 11, 7, 10, 5, 11, 3], Probability: 0.0002702792441772523, Reward: 0
History: [0, 12, 6, 10, 2, 12, 1, 9, 4, 9, 8, 11, 7, 10, 5, 12, 3], Probability: 0.0002702792441772523, Reward: 0
History: [0, 12, 6, 10, 2, 12, 1, 9, 4, 9, 8, 11, 7, 12, 5, 11, 3], Probability: 0.00027027924417725183, Reward: 0
History: [0, 12, 6, 10, 2, 12, 1, 9, 4, 9, 8, 11, 7, 12, 5, 12, 3], Probability: 0.00027027924417725183, Reward: 0
History: [2, 10, 6, 12, 8, 12, 5, 10, 4, 9, 0, 9, 3, 11, 1, 9, 7], Probability: 0.0002686318051287451, Reward: 0
History: [2, 10, 6, 12, 8, 12, 5, 10, 4, 9, 0, 9, 3, 11, 1, 11, 7], Probability: 0.0002686318051287451, Reward: 0
History: [2, 10, 6, 12, 8, 12, 5, 10, 4, 10, 0, 9, 3, 11, 1, 9, 7], Probability: 0.0002686318051287451, Reward: 0
History: [2, 10, 6, 12, 8, 12, 5, 10, 4, 10, 0, 9, 3, 11, 1, 11, 7], Probability: 0.0002686318051287451, Reward: 0
History: [2, 10, 6, 12, 8, 12, 5, 10, 4, 11, 0, 9, 3, 11, 1, 9, 7], Probability: 0.0002686318051287451, Reward: 0
History: [2, 10, 6, 12, 8, 12, 5, 10, 4, 11, 0, 9, 3, 11, 1, 11, 7], Probability: 0.0002686318051287451, Reward: 0
History: [2, 10, 6, 12, 8, 12, 5, 10, 4, 12, 0, 9, 3, 11, 1, 9, 7], Probability: 0.0002686318051287451, Reward: 0
History: [2, 10, 6, 12, 8, 12, 5, 10, 4, 12, 0, 9, 3, 11, 1, 11, 7], Probability: 0.0002686318051287451, Reward: 0
History: [0, 12, 6, 10, 2, 9, 1, 9, 4, 12, 8, 11, 7, 10, 5, 11, 3], Probability: 0.000265038532502838, Reward: 0
History: [0, 12, 6, 10, 2, 9, 1, 9, 4, 12, 8, 11, 7, 10, 5, 12, 3], Probability: 0.000265038532502838, Reward: 0
History: [0, 12, 6, 10, 2, 9, 1, 9, 4, 12, 8, 11, 7, 12, 5, 11, 3], Probability: 0.0002650385325028375, Reward: 0
History: [0, 12, 6, 10, 2, 9, 1, 9, 4, 12, 8, 11, 7, 12, 5, 12, 3], Probability: 0.0002650385325028375, Reward: 0
History: [0, 12, 6, 10, 2, 9, 1, 9, 4, 10, 8, 11, 7, 11, 3, 11, 5], Probability: 0.0002632340068042392, Reward: 0
History: [0, 12, 6, 10, 2, 9, 1, 9, 4, 10, 8, 11, 7, 11, 3, 12, 5], Probability: 0.0002632340068042392, Reward: 0
History: [6, 12, 8, 9, 0, 10, 3, 11, 4, 12, 2, 10, 5, 9, 1, 12, 7], Probability: 0.00025127576098768814, Reward: 0
History: [6, 12, 8, 9, 0, 10, 3, 11, 4, 12, 2, 12, 5, 9, 1, 10, 7], Probability: 0.00025127576098768814, Reward: 0
History: [6, 12, 8, 9, 0, 10, 3, 11, 4, 12, 2, 10, 5, 10, 1, 12, 7], Probability: 0.0002512757609876881, Reward: 0
History: [6, 12, 8, 9, 0, 10, 3, 11, 4, 12, 2, 10, 5, 12, 1, 12, 7], Probability: 0.0002512757609876881, Reward: 0
History: [6, 12, 8, 9, 0, 10, 3, 11, 4, 12, 2, 12, 5, 10, 1, 10, 7], Probability: 0.0002512757609876881, Reward: 0
History: [6, 12, 8, 9, 0, 10, 3, 11, 4, 12, 2, 12, 5, 12, 1, 10, 7], Probability: 0.0002512757609876881, Reward: 0
History: [6, 12, 8, 9, 0, 10, 3, 11, 4, 12, 2, 10, 5, 11, 1, 12, 7], Probability: 0.00025127576098768803, Reward: 0
History: [6, 12, 8, 9, 0, 10, 3, 11, 4, 12, 2, 12, 5, 11, 1, 10, 7], Probability: 0.00025127576098768803, Reward: 0
History: [2, 11, 6, 12, 8, 9, 5, 10, 4, 10, 0, 9, 3, 9, 1, 9, 7], Probability: 0.0002481889092909386, Reward: 0
History: [2, 11, 6, 12, 8, 9, 5, 10, 4, 10, 0, 9, 3, 9, 1, 11, 7], Probability: 0.0002481889092909386, Reward: 0
History: [2, 11, 6, 12, 8, 9, 5, 10, 4, 10, 0, 9, 3, 11, 1, 9, 7], Probability: 0.0002481889092909386, Reward: 0
History: [2, 11, 6, 12, 8, 9, 5, 10, 4, 10, 0, 9, 3, 11, 1, 11, 7], Probability: 0.0002481889092909386, Reward: 0
History: [2, 11, 6, 12, 8, 9, 5, 10, 4, 10, 0, 9, 3, 12, 1, 9, 7], Probability: 0.00024818890929093805, Reward: 0
History: [2, 11, 6, 12, 8, 9, 5, 10, 4, 10, 0, 9, 3, 12, 1, 11, 7], Probability: 0.00024818890929093805, Reward: 0
History: [6, 11, 8, 9, 0, 10, 3, 11, 4, 10, 2, 10, 5, 9, 7, 12, 1], Probability: 0.00022240786363208462, Reward: 0
History: [6, 11, 8, 9, 0, 10, 3, 11, 4, 10, 2, 12, 5, 9, 7, 10, 1], Probability: 0.00022240786363208462, Reward: 0
History: [8, 11, 0, 11, 6, 11, 7, 12, 4, 12, 2, 9, 1, 12, 3, 10, 5], Probability: 0.00021308220654209605, Reward: 0
History: [8, 11, 0, 11, 6, 11, 7, 12, 4, 12, 2, 10, 1, 12, 3, 9, 5], Probability: 0.00021308220654209605, Reward: 0
History: [2, 11, 6, 12, 8, 9, 5, 10, 4, 11, 0, 9, 3, 9, 7, 9, 1], Probability: 0.00021112155850543378, Reward: 0
History: [2, 11, 6, 12, 8, 9, 5, 10, 4, 11, 0, 9, 3, 9, 7, 11, 1], Probability: 0.00021112155850543378, Reward: 0
History: [0, 11, 6, 10, 2, 12, 1, 9, 4, 9, 8, 12, 7, 10, 5, 11, 3], Probability: 0.0001973063845363859, Reward: 0
History: [0, 11, 6, 10, 2, 12, 1, 9, 4, 9, 8, 12, 7, 12, 5, 11, 3], Probability: 0.00019730638453638555, Reward: 0
History: [2, 12, 6, 12, 8, 9, 5, 10, 4, 10, 0, 11, 3, 12, 7, 9, 1], Probability: 0.00019427453536706075, Reward: 0
History: [2, 12, 6, 12, 8, 9, 5, 10, 4, 10, 0, 11, 3, 9, 7, 9, 1], Probability: 0.00019427453536705966, Reward: 0
History: [2, 12, 6, 12, 8, 9, 5, 10, 4, 10, 0, 11, 3, 11, 7, 9, 1], Probability: 0.00019427453536705966, Reward: 0
History: [0, 11, 6, 10, 2, 9, 1, 9, 4, 12, 8, 12, 7, 10, 5, 11, 3], Probability: 0.00019348061583548558, Reward: 0
History: [0, 11, 6, 10, 2, 9, 1, 9, 4, 12, 8, 12, 7, 12, 5, 11, 3], Probability: 0.00019348061583548522, Reward: 0
History: [0, 11, 6, 10, 2, 9, 1, 9, 4, 10, 8, 12, 7, 11, 3, 11, 5], Probability: 0.00019216329514192896, Reward: 0
History: [2, 10, 6, 12, 8, 9, 5, 10, 4, 12, 0, 11, 3, 9, 1, 9, 7], Probability: 0.00018916983721622036, Reward: 0
History: [2, 10, 6, 12, 8, 11, 5, 10, 4, 12, 0, 11, 3, 9, 1, 9, 7], Probability: 0.00018916983721622036, Reward: 0
History: [2, 10, 6, 12, 8, 9, 5, 10, 4, 12, 0, 9, 3, 11, 1, 9, 7], Probability: 0.00017025285349459834, Reward: 0
History: [2, 10, 6, 12, 8, 9, 5, 10, 4, 12, 0, 9, 3, 11, 1, 11, 7], Probability: 0.00017025285349459834, Reward: 0
History: [2, 10, 6, 12, 8, 11, 5, 10, 4, 12, 0, 9, 3, 11, 1, 9, 7], Probability: 0.00017025285349459834, Reward: 0
History: [2, 10, 6, 12, 8, 11, 5, 10, 4, 12, 0, 9, 3, 11, 1, 11, 7], Probability: 0.00017025285349459834, Reward: 0
History: [2, 10, 0, 12, 8, 10, 5, 10, 4, 11, 6, 11, 3, 9, 1, 9, 7], Probability: 0.0001497028544471596, Reward: 0
History: [2, 10, 0, 12, 8, 10, 5, 10, 4, 11, 6, 11, 3, 11, 1, 9, 7], Probability: 0.0001497028544471596, Reward: 0
History: [2, 10, 0, 12, 8, 11, 5, 10, 4, 11, 6, 11, 3, 9, 1, 9, 7], Probability: 0.0001497028544471596, Reward: 0
History: [2, 10, 0, 12, 8, 11, 5, 10, 4, 11, 6, 11, 3, 11, 1, 9, 7], Probability: 0.0001497028544471596, Reward: 0
History: [2, 10, 0, 12, 8, 10, 5, 10, 4, 11, 6, 11, 3, 12, 1, 9, 7], Probability: 0.0001497028544471593, Reward: 0
History: [2, 10, 0, 12, 8, 11, 5, 10, 4, 11, 6, 11, 3, 12, 1, 9, 7], Probability: 0.0001497028544471593, Reward: 0
History: [2, 10, 6, 12, 8, 12, 5, 10, 4, 9, 0, 9, 3, 9, 1, 9, 7], Probability: 0.00014923989173819174, Reward: 0
History: [2, 10, 6, 12, 8, 12, 5, 10, 4, 9, 0, 9, 3, 9, 1, 11, 7], Probability: 0.00014923989173819174, Reward: 0
History: [2, 10, 6, 12, 8, 12, 5, 10, 4, 10, 0, 9, 3, 9, 1, 9, 7], Probability: 0.00014923989173819174, Reward: 0
History: [2, 10, 6, 12, 8, 12, 5, 10, 4, 10, 0, 9, 3, 9, 1, 11, 7], Probability: 0.00014923989173819174, Reward: 0
History: [2, 10, 6, 12, 8, 12, 5, 10, 4, 11, 0, 9, 3, 9, 1, 9, 7], Probability: 0.00014923989173819174, Reward: 0
History: [2, 10, 6, 12, 8, 12, 5, 10, 4, 11, 0, 9, 3, 9, 1, 11, 7], Probability: 0.00014923989173819174, Reward: 0
History: [2, 10, 6, 12, 8, 12, 5, 10, 4, 12, 0, 9, 3, 9, 1, 9, 7], Probability: 0.00014923989173819174, Reward: 0
History: [2, 10, 6, 12, 8, 12, 5, 10, 4, 12, 0, 9, 3, 9, 1, 11, 7], Probability: 0.00014923989173819174, Reward: 0
History: [6, 11, 8, 9, 0, 10, 3, 11, 4, 10, 2, 10, 5, 11, 7, 12, 1], Probability: 0.000146415971365107, Reward: 0
History: [6, 11, 8, 9, 0, 10, 3, 11, 4, 10, 2, 12, 5, 11, 7, 10, 1], Probability: 0.000146415971365107, Reward: 0
History: [6, 11, 4, 9, 0, 9, 3, 9, 5, 12, 8, 10, 1, 9, 2, 12, 7], Probability: 0.0001452366280614613, Reward: 0
History: [6, 11, 4, 9, 0, 9, 3, 9, 5, 12, 8, 10, 1, 10, 2, 12, 7], Probability: 0.0001452366280614613, Reward: 0
History: [6, 11, 4, 9, 0, 9, 3, 9, 5, 12, 8, 10, 1, 11, 2, 12, 7], Probability: 0.0001452366280614613, Reward: 0
History: [6, 11, 4, 9, 0, 9, 3, 9, 5, 12, 8, 10, 1, 12, 2, 12, 7], Probability: 0.0001452366280614613, Reward: 0
History: [6, 11, 4, 9, 0, 9, 3, 9, 5, 12, 8, 12, 1, 9, 2, 10, 7], Probability: 0.0001452366280614613, Reward: 0
History: [6, 11, 4, 9, 0, 9, 3, 9, 5, 12, 8, 12, 1, 10, 2, 10, 7], Probability: 0.0001452366280614613, Reward: 0
History: [6, 11, 4, 9, 0, 9, 3, 9, 5, 12, 8, 12, 1, 11, 2, 10, 7], Probability: 0.0001452366280614613, Reward: 0
History: [6, 11, 4, 9, 0, 9, 3, 9, 5, 12, 8, 12, 1, 12, 2, 10, 7], Probability: 0.0001452366280614613, Reward: 0
History: [8, 11, 0, 11, 6, 10, 7, 12, 4, 12, 2, 9, 1, 9, 5, 10, 3], Probability: 0.00012104554520223488, Reward: 0
History: [8, 11, 0, 11, 6, 10, 7, 12, 4, 12, 2, 9, 1, 10, 5, 10, 3], Probability: 0.00012104554520223488, Reward: 0
History: [8, 11, 0, 11, 6, 10, 7, 12, 4, 12, 2, 9, 1, 11, 5, 10, 3], Probability: 0.00012104554520223488, Reward: 0
History: [8, 11, 0, 11, 6, 10, 7, 12, 4, 12, 2, 10, 1, 9, 5, 9, 3], Probability: 0.00012104554520223488, Reward: 0
History: [8, 11, 0, 11, 6, 10, 7, 12, 4, 12, 2, 10, 1, 10, 5, 9, 3], Probability: 0.00012104554520223488, Reward: 0
History: [8, 11, 0, 11, 6, 10, 7, 12, 4, 12, 2, 10, 1, 11, 5, 9, 3], Probability: 0.00012104554520223488, Reward: 0
History: [8, 11, 0, 11, 6, 10, 7, 12, 4, 11, 2, 9, 1, 12, 3, 10, 5], Probability: 0.0001197041176410547, Reward: 0
History: [8, 11, 0, 11, 6, 10, 7, 12, 4, 11, 2, 10, 1, 12, 3, 9, 5], Probability: 0.0001197041176410547, Reward: 0
History: [8, 11, 0, 11, 6, 10, 7, 12, 4, 11, 2, 9, 1, 9, 3, 10, 5], Probability: 0.00011970411764105464, Reward: 0
History: [8, 11, 0, 11, 6, 10, 7, 12, 4, 11, 2, 10, 1, 9, 3, 9, 5], Probability: 0.00011970411764105464, Reward: 0
History: [0, 11, 6, 10, 2, 12, 1, 9, 4, 9, 8, 11, 7, 10, 5, 11, 3], Probability: 9.865319226819295e-05, Reward: 0
History: [0, 11, 6, 10, 2, 12, 1, 9, 4, 9, 8, 11, 7, 10, 5, 12, 3], Probability: 9.865319226819295e-05, Reward: 0
History: [0, 11, 6, 10, 2, 12, 1, 9, 4, 9, 8, 11, 7, 12, 5, 11, 3], Probability: 9.865319226819277e-05, Reward: 0
History: [0, 11, 6, 10, 2, 12, 1, 9, 4, 9, 8, 11, 7, 12, 5, 12, 3], Probability: 9.865319226819277e-05, Reward: 0
History: [2, 12, 6, 12, 8, 9, 5, 10, 4, 10, 0, 9, 3, 12, 7, 9, 1], Probability: 9.713726768353037e-05, Reward: 0
History: [2, 12, 6, 12, 8, 9, 5, 10, 4, 10, 0, 9, 3, 12, 7, 11, 1], Probability: 9.713726768353037e-05, Reward: 0
History: [2, 12, 6, 12, 8, 9, 5, 10, 4, 10, 0, 9, 3, 9, 7, 9, 1], Probability: 9.713726768352983e-05, Reward: 0
History: [2, 12, 6, 12, 8, 9, 5, 10, 4, 10, 0, 9, 3, 9, 7, 11, 1], Probability: 9.713726768352983e-05, Reward: 0
History: [2, 12, 6, 12, 8, 9, 5, 10, 4, 10, 0, 9, 3, 11, 7, 9, 1], Probability: 9.713726768352983e-05, Reward: 0
History: [2, 12, 6, 12, 8, 9, 5, 10, 4, 10, 0, 9, 3, 11, 7, 11, 1], Probability: 9.713726768352983e-05, Reward: 0
History: [0, 11, 6, 10, 2, 9, 1, 9, 4, 12, 8, 11, 7, 10, 5, 11, 3], Probability: 9.674030791774279e-05, Reward: 0
History: [0, 11, 6, 10, 2, 9, 1, 9, 4, 12, 8, 11, 7, 10, 5, 12, 3], Probability: 9.674030791774279e-05, Reward: 0
History: [0, 11, 6, 10, 2, 9, 1, 9, 4, 12, 8, 11, 7, 12, 5, 11, 3], Probability: 9.674030791774261e-05, Reward: 0
History: [0, 11, 6, 10, 2, 9, 1, 9, 4, 12, 8, 11, 7, 12, 5, 12, 3], Probability: 9.674030791774261e-05, Reward: 0
History: [0, 11, 6, 10, 2, 9, 1, 9, 4, 10, 8, 11, 7, 11, 3, 11, 5], Probability: 9.608164757096448e-05, Reward: 0
History: [0, 11, 6, 10, 2, 9, 1, 9, 4, 10, 8, 11, 7, 11, 3, 12, 5], Probability: 9.608164757096448e-05, Reward: 0
History: [2, 10, 6, 12, 8, 9, 5, 10, 4, 12, 0, 9, 3, 9, 1, 9, 7], Probability: 9.458491860811018e-05, Reward: 0
History: [2, 10, 6, 12, 8, 9, 5, 10, 4, 12, 0, 9, 3, 9, 1, 11, 7], Probability: 9.458491860811018e-05, Reward: 0
History: [2, 10, 6, 12, 8, 11, 5, 10, 4, 12, 0, 9, 3, 9, 1, 9, 7], Probability: 9.458491860811018e-05, Reward: 0
History: [2, 10, 6, 12, 8, 11, 5, 10, 4, 12, 0, 9, 3, 9, 1, 11, 7], Probability: 9.458491860811018e-05, Reward: 0
History: [6, 11, 4, 9, 0, 9, 3, 9, 5, 10, 8, 10, 1, 9, 2, 12, 7], Probability: 8.825081297732423e-05, Reward: 0
History: [6, 11, 4, 9, 0, 9, 3, 9, 5, 10, 8, 10, 1, 10, 2, 12, 7], Probability: 8.825081297732423e-05, Reward: 0
History: [6, 11, 4, 9, 0, 9, 3, 9, 5, 10, 8, 10, 1, 11, 2, 12, 7], Probability: 8.825081297732423e-05, Reward: 0
History: [6, 11, 4, 9, 0, 9, 3, 9, 5, 10, 8, 10, 1, 12, 2, 12, 7], Probability: 8.825081297732423e-05, Reward: 0
History: [6, 11, 4, 9, 0, 9, 3, 9, 5, 10, 8, 12, 1, 9, 2, 10, 7], Probability: 8.825081297732423e-05, Reward: 0
History: [6, 11, 4, 9, 0, 9, 3, 9, 5, 10, 8, 12, 1, 10, 2, 10, 7], Probability: 8.825081297732423e-05, Reward: 0
History: [6, 11, 4, 9, 0, 9, 3, 9, 5, 10, 8, 12, 1, 11, 2, 10, 7], Probability: 8.825081297732423e-05, Reward: 0
History: [6, 11, 4, 9, 0, 9, 3, 9, 5, 10, 8, 12, 1, 12, 2, 10, 7], Probability: 8.825081297732423e-05, Reward: 0
History: [8, 12, 0, 11, 6, 11, 7, 12, 4, 9, 2, 9, 1, 12, 3, 10, 5], Probability: 8.568077355222962e-05, Reward: 0
History: [8, 12, 0, 11, 6, 11, 7, 12, 4, 9, 2, 10, 1, 12, 3, 9, 5], Probability: 8.568077355222962e-05, Reward: 0
History: [8, 12, 0, 11, 6, 11, 7, 12, 4, 12, 2, 9, 1, 12, 3, 10, 5], Probability: 8.568077355222962e-05, Reward: 0
History: [8, 12, 0, 11, 6, 11, 7, 12, 4, 12, 2, 10, 1, 12, 3, 9, 5], Probability: 8.568077355222962e-05, Reward: 0
History: [0, 10, 8, 10, 2, 10, 1, 9, 4, 12, 6, 12, 7, 10, 3, 11, 5], Probability: 7.565990035614378e-05, Reward: 0
History: [2, 10, 0, 12, 8, 10, 5, 10, 4, 11, 6, 9, 3, 9, 1, 9, 7], Probability: 7.48514272235798e-05, Reward: 0
History: [2, 10, 0, 12, 8, 10, 5, 10, 4, 11, 6, 9, 3, 9, 1, 11, 7], Probability: 7.48514272235798e-05, Reward: 0
History: [2, 10, 0, 12, 8, 10, 5, 10, 4, 11, 6, 9, 3, 11, 1, 9, 7], Probability: 7.48514272235798e-05, Reward: 0
History: [2, 10, 0, 12, 8, 10, 5, 10, 4, 11, 6, 9, 3, 11, 1, 11, 7], Probability: 7.48514272235798e-05, Reward: 0
History: [2, 10, 0, 12, 8, 11, 5, 10, 4, 11, 6, 9, 3, 9, 1, 9, 7], Probability: 7.48514272235798e-05, Reward: 0
History: [2, 10, 0, 12, 8, 11, 5, 10, 4, 11, 6, 9, 3, 9, 1, 11, 7], Probability: 7.48514272235798e-05, Reward: 0
History: [2, 10, 0, 12, 8, 11, 5, 10, 4, 11, 6, 9, 3, 11, 1, 9, 7], Probability: 7.48514272235798e-05, Reward: 0
History: [2, 10, 0, 12, 8, 11, 5, 10, 4, 11, 6, 9, 3, 11, 1, 11, 7], Probability: 7.48514272235798e-05, Reward: 0
History: [2, 10, 0, 12, 8, 10, 5, 10, 4, 11, 6, 9, 3, 12, 1, 9, 7], Probability: 7.485142722357965e-05, Reward: 0
History: [2, 10, 0, 12, 8, 10, 5, 10, 4, 11, 6, 9, 3, 12, 1, 11, 7], Probability: 7.485142722357965e-05, Reward: 0
History: [2, 10, 0, 12, 8, 11, 5, 10, 4, 11, 6, 9, 3, 12, 1, 9, 7], Probability: 7.485142722357965e-05, Reward: 0
History: [2, 10, 0, 12, 8, 11, 5, 10, 4, 11, 6, 9, 3, 12, 1, 11, 7], Probability: 7.485142722357965e-05, Reward: 0
History: [0, 11, 4, 10, 2, 11, 5, 10, 1], Probability: 7.291652955409046e-05, Reward: 1
History: [2, 11, 4, 12, 0, 11, 5, 10, 1], Probability: 7.291652955409046e-05, Reward: 1
History: [2, 11, 6, 12, 8, 9, 5, 10, 4, 10, 0, 11, 3, 12, 7, 9, 1], Probability: 7.091111694026837e-05, Reward: 0
History: [2, 11, 6, 12, 8, 9, 5, 10, 4, 10, 0, 11, 3, 9, 7, 9, 1], Probability: 7.091111694026797e-05, Reward: 0
History: [2, 11, 6, 12, 8, 9, 5, 10, 4, 10, 0, 11, 3, 11, 7, 9, 1], Probability: 7.091111694026797e-05, Reward: 0
History: [2, 11, 0, 12, 8, 10, 5, 10, 4, 11, 6, 11, 3, 9, 1, 9, 7], Probability: 6.396986395613416e-05, Reward: 0
History: [2, 11, 0, 12, 8, 10, 5, 10, 4, 11, 6, 11, 3, 11, 1, 9, 7], Probability: 6.396986395613416e-05, Reward: 0
History: [2, 11, 0, 12, 8, 10, 5, 10, 4, 11, 6, 11, 3, 12, 1, 9, 7], Probability: 6.396986395613403e-05, Reward: 0
History: [0, 11, 4, 10, 6, 11, 3, 9, 5, 10, 1, 10, 7, 10, 8, 12, 2], Probability: 6.139043162121729e-05, Reward: 0
History: [0, 11, 4, 10, 6, 11, 3, 9, 5, 10, 1, 10, 7, 11, 8, 12, 2], Probability: 6.139043162121729e-05, Reward: 0
History: [0, 11, 4, 10, 6, 11, 3, 9, 5, 10, 1, 12, 7, 10, 8, 10, 2], Probability: 6.139043162121729e-05, Reward: 0
History: [0, 11, 4, 10, 6, 11, 3, 9, 5, 10, 1, 12, 7, 11, 8, 10, 2], Probability: 6.139043162121729e-05, Reward: 0
History: [8, 12, 0, 11, 6, 11, 7, 12, 4, 11, 2, 9, 1, 12, 3, 10, 5], Probability: 6.08414693899114e-05, Reward: 0
History: [8, 12, 0, 11, 6, 11, 7, 12, 4, 11, 2, 10, 1, 12, 3, 9, 5], Probability: 6.08414693899114e-05, Reward: 0
History: [0, 11, 4, 10, 6, 11, 3, 9, 5, 9, 7, 10, 1, 12, 2, 12, 8], Probability: 5.586728796755344e-05, Reward: 0
History: [0, 11, 4, 10, 6, 11, 3, 9, 5, 9, 7, 12, 1, 12, 2, 10, 8], Probability: 5.586728796755344e-05, Reward: 0
History: [6, 11, 8, 9, 0, 10, 3, 11, 4, 10, 2, 10, 5, 11, 1, 12, 7], Probability: 5.312437899087953e-05, Reward: 0
History: [6, 11, 8, 9, 0, 10, 3, 11, 4, 10, 2, 12, 5, 11, 1, 10, 7], Probability: 5.312437899087953e-05, Reward: 0
History: [2, 10, 6, 12, 8, 9, 5, 10, 4, 10, 0, 11, 3, 9, 1, 9, 7], Probability: 4.585935004090114e-05, Reward: 0
History: [2, 10, 6, 12, 8, 9, 5, 10, 4, 10, 0, 11, 3, 11, 1, 9, 7], Probability: 4.585935004090114e-05, Reward: 0
History: [2, 10, 6, 12, 8, 11, 5, 10, 4, 10, 0, 11, 3, 9, 1, 9, 7], Probability: 4.585935004090114e-05, Reward: 0
History: [2, 10, 6, 12, 8, 11, 5, 10, 4, 10, 0, 11, 3, 11, 1, 9, 7], Probability: 4.585935004090114e-05, Reward: 0
History: [2, 10, 6, 12, 8, 9, 5, 10, 4, 9, 0, 11, 3, 9, 1, 9, 7], Probability: 4.58593500409011e-05, Reward: 0
History: [2, 10, 6, 12, 8, 9, 5, 10, 4, 9, 0, 11, 3, 11, 1, 9, 7], Probability: 4.58593500409011e-05, Reward: 0
History: [2, 10, 6, 12, 8, 11, 5, 10, 4, 9, 0, 11, 3, 9, 1, 9, 7], Probability: 4.58593500409011e-05, Reward: 0
History: [2, 10, 6, 12, 8, 11, 5, 10, 4, 9, 0, 11, 3, 11, 1, 9, 7], Probability: 4.58593500409011e-05, Reward: 0
History: [2, 10, 6, 12, 8, 9, 5, 10, 4, 10, 0, 11, 3, 12, 1, 9, 7], Probability: 4.585935004090105e-05, Reward: 0
History: [2, 10, 6, 12, 8, 11, 5, 10, 4, 10, 0, 11, 3, 12, 1, 9, 7], Probability: 4.585935004090105e-05, Reward: 0
History: [2, 10, 6, 12, 8, 9, 5, 10, 4, 9, 0, 11, 3, 12, 1, 9, 7], Probability: 4.585935004090101e-05, Reward: 0
History: [2, 10, 6, 12, 8, 11, 5, 10, 4, 9, 0, 11, 3, 12, 1, 9, 7], Probability: 4.585935004090101e-05, Reward: 0
History: [0, 10, 8, 10, 2, 10, 1, 9, 4, 12, 6, 11, 7, 10, 3, 11, 5], Probability: 3.782995017807189e-05, Reward: 0
History: [0, 10, 8, 10, 2, 10, 1, 9, 4, 12, 6, 11, 7, 10, 3, 12, 5], Probability: 3.782995017807189e-05, Reward: 0
History: [0, 12, 8, 10, 2, 10, 1, 9, 4, 12, 6, 12, 7, 10, 3, 11, 5], Probability: 3.7453968325234865e-05, Reward: 0
History: [2, 11, 6, 12, 8, 9, 5, 10, 4, 10, 0, 9, 3, 12, 7, 9, 1], Probability: 3.5455558470134184e-05, Reward: 0
History: [2, 11, 6, 12, 8, 9, 5, 10, 4, 10, 0, 9, 3, 12, 7, 11, 1], Probability: 3.5455558470134184e-05, Reward: 0
History: [2, 11, 6, 12, 8, 9, 5, 10, 4, 10, 0, 9, 3, 9, 7, 9, 1], Probability: 3.545555847013399e-05, Reward: 0
History: [2, 11, 6, 12, 8, 9, 5, 10, 4, 10, 0, 9, 3, 9, 7, 11, 1], Probability: 3.545555847013399e-05, Reward: 0
History: [2, 11, 6, 12, 8, 9, 5, 10, 4, 10, 0, 9, 3, 11, 7, 9, 1], Probability: 3.545555847013399e-05, Reward: 0
History: [2, 11, 6, 12, 8, 9, 5, 10, 4, 10, 0, 9, 3, 11, 7, 11, 1], Probability: 3.545555847013399e-05, Reward: 0
History: [2, 11, 0, 12, 8, 10, 5, 10, 4, 11, 6, 9, 3, 9, 1, 9, 7], Probability: 3.198493197806708e-05, Reward: 0
History: [2, 11, 0, 12, 8, 10, 5, 10, 4, 11, 6, 9, 3, 9, 1, 11, 7], Probability: 3.198493197806708e-05, Reward: 0
History: [2, 11, 0, 12, 8, 10, 5, 10, 4, 11, 6, 9, 3, 11, 1, 9, 7], Probability: 3.198493197806708e-05, Reward: 0
History: [2, 11, 0, 12, 8, 10, 5, 10, 4, 11, 6, 9, 3, 11, 1, 11, 7], Probability: 3.198493197806708e-05, Reward: 0
History: [2, 11, 0, 12, 8, 10, 5, 10, 4, 11, 6, 9, 3, 12, 1, 9, 7], Probability: 3.198493197806702e-05, Reward: 0
History: [2, 11, 0, 12, 8, 10, 5, 10, 4, 11, 6, 9, 3, 12, 1, 11, 7], Probability: 3.198493197806702e-05, Reward: 0
History: [6, 11, 8, 9, 0, 10, 3, 11, 4, 10, 2, 10, 5, 9, 1, 12, 7], Probability: 3.177255194744066e-05, Reward: 0
History: [6, 11, 8, 9, 0, 10, 3, 11, 4, 10, 2, 12, 5, 9, 1, 10, 7], Probability: 3.177255194744066e-05, Reward: 0
History: [0, 11, 4, 10, 6, 11, 3, 9, 5, 9, 2, 10, 8, 11, 7, 12, 1], Probability: 2.793364398377672e-05, Reward: 0
History: [0, 11, 4, 10, 6, 11, 3, 9, 5, 9, 2, 10, 8, 12, 7, 12, 1], Probability: 2.793364398377672e-05, Reward: 0
History: [0, 11, 4, 10, 6, 11, 3, 9, 5, 9, 2, 12, 7, 11, 8, 10, 1], Probability: 2.793364398377672e-05, Reward: 0
History: [0, 11, 4, 10, 6, 11, 3, 9, 5, 9, 2, 12, 7, 12, 8, 10, 1], Probability: 2.793364398377672e-05, Reward: 0
History: [0, 11, 4, 10, 6, 11, 3, 9, 5, 9, 8, 10, 1, 9, 2, 12, 7], Probability: 2.793364398377672e-05, Reward: 0
History: [0, 11, 4, 10, 6, 11, 3, 9, 5, 9, 8, 10, 1, 12, 2, 12, 7], Probability: 2.793364398377672e-05, Reward: 0
History: [0, 11, 4, 10, 6, 11, 3, 9, 5, 9, 8, 12, 1, 9, 2, 10, 7], Probability: 2.793364398377672e-05, Reward: 0
History: [0, 11, 4, 10, 6, 11, 3, 9, 5, 9, 8, 12, 1, 12, 2, 10, 7], Probability: 2.793364398377672e-05, Reward: 0
History: [0, 10, 8, 10, 2, 10, 1, 9, 4, 12, 6, 12, 7, 10, 5, 11, 3], Probability: 2.7451822253114123e-05, Reward: 0
History: [6, 11, 4, 9, 0, 9, 3, 9, 5, 9, 1, 10, 7, 12, 8, 12, 2], Probability: 2.5841243802936195e-05, Reward: 0
History: [6, 11, 4, 9, 0, 9, 3, 9, 5, 9, 1, 12, 7, 12, 8, 10, 2], Probability: 2.5841243802936195e-05, Reward: 0
History: [6, 11, 4, 9, 0, 9, 3, 9, 5, 11, 1, 10, 7, 12, 8, 12, 2], Probability: 2.5841243802936195e-05, Reward: 0
History: [6, 11, 4, 9, 0, 9, 3, 9, 5, 11, 1, 12, 7, 12, 8, 10, 2], Probability: 2.5841243802936195e-05, Reward: 0
History: [0, 11, 4, 10, 6, 11, 3, 9, 5, 10, 8, 10, 1, 9, 2, 12, 7], Probability: 2.4556172648486914e-05, Reward: 0
History: [0, 11, 4, 10, 6, 11, 3, 9, 5, 10, 8, 12, 1, 9, 2, 10, 7], Probability: 2.4556172648486914e-05, Reward: 0
History: [2, 10, 6, 12, 8, 9, 5, 10, 4, 10, 0, 9, 3, 9, 1, 9, 7], Probability: 2.292967502045057e-05, Reward: 0
History: [2, 10, 6, 12, 8, 9, 5, 10, 4, 10, 0, 9, 3, 9, 1, 11, 7], Probability: 2.292967502045057e-05, Reward: 0
History: [2, 10, 6, 12, 8, 9, 5, 10, 4, 10, 0, 9, 3, 11, 1, 9, 7], Probability: 2.292967502045057e-05, Reward: 0
History: [2, 10, 6, 12, 8, 9, 5, 10, 4, 10, 0, 9, 3, 11, 1, 11, 7], Probability: 2.292967502045057e-05, Reward: 0
History: [2, 10, 6, 12, 8, 11, 5, 10, 4, 10, 0, 9, 3, 9, 1, 9, 7], Probability: 2.292967502045057e-05, Reward: 0
History: [2, 10, 6, 12, 8, 11, 5, 10, 4, 10, 0, 9, 3, 9, 1, 11, 7], Probability: 2.292967502045057e-05, Reward: 0
History: [2, 10, 6, 12, 8, 11, 5, 10, 4, 10, 0, 9, 3, 11, 1, 9, 7], Probability: 2.292967502045057e-05, Reward: 0
History: [2, 10, 6, 12, 8, 11, 5, 10, 4, 10, 0, 9, 3, 11, 1, 11, 7], Probability: 2.292967502045057e-05, Reward: 0
History: [2, 10, 6, 12, 8, 9, 5, 10, 4, 9, 0, 9, 3, 9, 1, 9, 7], Probability: 2.292967502045055e-05, Reward: 0
History: [2, 10, 6, 12, 8, 9, 5, 10, 4, 9, 0, 9, 3, 9, 1, 11, 7], Probability: 2.292967502045055e-05, Reward: 0
History: [2, 10, 6, 12, 8, 9, 5, 10, 4, 9, 0, 9, 3, 11, 1, 9, 7], Probability: 2.292967502045055e-05, Reward: 0
History: [2, 10, 6, 12, 8, 9, 5, 10, 4, 9, 0, 9, 3, 11, 1, 11, 7], Probability: 2.292967502045055e-05, Reward: 0
History: [2, 10, 6, 12, 8, 11, 5, 10, 4, 9, 0, 9, 3, 9, 1, 9, 7], Probability: 2.292967502045055e-05, Reward: 0
History: [2, 10, 6, 12, 8, 11, 5, 10, 4, 9, 0, 9, 3, 9, 1, 11, 7], Probability: 2.292967502045055e-05, Reward: 0
History: [2, 10, 6, 12, 8, 11, 5, 10, 4, 9, 0, 9, 3, 11, 1, 9, 7], Probability: 2.292967502045055e-05, Reward: 0
History: [2, 10, 6, 12, 8, 11, 5, 10, 4, 9, 0, 9, 3, 11, 1, 11, 7], Probability: 2.292967502045055e-05, Reward: 0
History: [2, 10, 6, 12, 8, 9, 5, 10, 4, 10, 0, 9, 3, 12, 1, 9, 7], Probability: 2.2929675020450526e-05, Reward: 0
History: [2, 10, 6, 12, 8, 9, 5, 10, 4, 10, 0, 9, 3, 12, 1, 11, 7], Probability: 2.2929675020450526e-05, Reward: 0
History: [2, 10, 6, 12, 8, 11, 5, 10, 4, 10, 0, 9, 3, 12, 1, 9, 7], Probability: 2.2929675020450526e-05, Reward: 0
History: [2, 10, 6, 12, 8, 11, 5, 10, 4, 10, 0, 9, 3, 12, 1, 11, 7], Probability: 2.2929675020450526e-05, Reward: 0
History: [2, 10, 6, 12, 8, 9, 5, 10, 4, 9, 0, 9, 3, 12, 1, 9, 7], Probability: 2.2929675020450506e-05, Reward: 0
History: [2, 10, 6, 12, 8, 9, 5, 10, 4, 9, 0, 9, 3, 12, 1, 11, 7], Probability: 2.2929675020450506e-05, Reward: 0
History: [2, 10, 6, 12, 8, 11, 5, 10, 4, 9, 0, 9, 3, 12, 1, 9, 7], Probability: 2.2929675020450506e-05, Reward: 0
History: [2, 10, 6, 12, 8, 11, 5, 10, 4, 9, 0, 9, 3, 12, 1, 11, 7], Probability: 2.2929675020450506e-05, Reward: 0
History: [2, 10, 0, 12, 8, 10, 5, 10, 4, 11, 6, 11, 3, 12, 7, 9, 1], Probability: 2.1386122063880008e-05, Reward: 0
History: [2, 10, 0, 12, 8, 11, 5, 10, 4, 11, 6, 11, 3, 12, 7, 9, 1], Probability: 2.1386122063880008e-05, Reward: 0
History: [2, 10, 0, 12, 8, 10, 5, 10, 4, 11, 6, 11, 3, 9, 7, 9, 1], Probability: 2.1386122063879886e-05, Reward: 0
History: [2, 10, 0, 12, 8, 10, 5, 10, 4, 11, 6, 11, 3, 11, 7, 9, 1], Probability: 2.1386122063879886e-05, Reward: 0
History: [2, 10, 0, 12, 8, 11, 5, 10, 4, 11, 6, 11, 3, 9, 7, 9, 1], Probability: 2.1386122063879886e-05, Reward: 0
History: [2, 10, 0, 12, 8, 11, 5, 10, 4, 11, 6, 11, 3, 11, 7, 9, 1], Probability: 2.1386122063879886e-05, Reward: 0
History: [2, 11, 4, 12, 8, 11, 5, 10, 3, 10, 1, 11, 7, 11, 6, 9, 0], Probability: 1.9745331235601083e-05, Reward: 0
History: [2, 11, 4, 12, 8, 11, 5, 10, 3, 10, 6, 11, 1, 9, 0, 9, 7], Probability: 1.9745331235601083e-05, Reward: 0
History: [8, 11, 4, 11, 2, 11, 5, 10, 3, 10, 1, 11, 7, 11, 6, 9, 0], Probability: 1.9745331235601083e-05, Reward: 0
History: [8, 11, 4, 11, 2, 11, 5, 10, 3, 10, 6, 11, 1, 9, 0, 9, 7], Probability: 1.9745331235601083e-05, Reward: 0
History: [0, 12, 8, 10, 2, 10, 1, 9, 4, 12, 6, 11, 7, 10, 3, 11, 5], Probability: 1.8726984162617432e-05, Reward: 0
History: [0, 12, 8, 10, 2, 10, 1, 9, 4, 12, 6, 11, 7, 10, 3, 12, 5], Probability: 1.8726984162617432e-05, Reward: 0
History: [8, 11, 0, 11, 6, 10, 7, 12, 4, 12, 2, 9, 1, 9, 3, 10, 5], Probability: 1.7292220743176413e-05, Reward: 0
History: [8, 11, 0, 11, 6, 10, 7, 12, 4, 12, 2, 9, 1, 10, 3, 10, 5], Probability: 1.7292220743176413e-05, Reward: 0
History: [8, 11, 0, 11, 6, 10, 7, 12, 4, 12, 2, 10, 1, 9, 3, 9, 5], Probability: 1.7292220743176413e-05, Reward: 0
History: [8, 11, 0, 11, 6, 10, 7, 12, 4, 12, 2, 10, 1, 10, 3, 9, 5], Probability: 1.7292220743176413e-05, Reward: 0
History: [8, 11, 0, 11, 6, 10, 7, 12, 4, 12, 2, 9, 1, 11, 3, 10, 5], Probability: 1.7292220743176403e-05, Reward: 0
History: [8, 11, 0, 11, 6, 10, 7, 12, 4, 12, 2, 10, 1, 11, 3, 9, 5], Probability: 1.7292220743176403e-05, Reward: 0
History: [2, 12, 8, 12, 0, 10, 1, 9, 6, 12, 0], Probability: 1.7014487085799907e-05, Reward: 1
History: [2, 12, 8, 12, 0, 10, 1, 9, 6, 12, 3, 9, 4], Probability: 1.7014487085799907e-05, Reward: 1
History: [2, 12, 8, 12, 0, 10, 1, 9, 6, 12, 4, 9, 3], Probability: 1.7014487085799907e-05, Reward: 1
History: [2, 12, 8, 12, 0, 10, 1, 9, 6, 12, 5, 9, 4], Probability: 1.7014487085799907e-05, Reward: 1
History: [2, 12, 8, 12, 0, 10, 1, 9, 6, 12, 6], Probability: 1.7014487085799907e-05, Reward: 1
History: [2, 12, 8, 12, 0, 10, 1, 9, 6, 12, 7, 9, 4], Probability: 1.7014487085799907e-05, Reward: 1
History: [0, 10, 8, 10, 2, 10, 1, 9, 4, 12, 6, 11, 7, 10, 5, 11, 3], Probability: 1.3725911126557061e-05, Reward: 0
History: [0, 10, 8, 10, 2, 10, 1, 9, 4, 12, 6, 11, 7, 10, 5, 12, 3], Probability: 1.3725911126557061e-05, Reward: 0
History: [0, 12, 8, 10, 2, 10, 1, 9, 4, 12, 6, 12, 7, 10, 5, 11, 3], Probability: 1.3589492932164867e-05, Reward: 0
History: [2, 10, 0, 12, 8, 10, 5, 10, 4, 11, 6, 9, 3, 12, 7, 9, 1], Probability: 1.0693061031940004e-05, Reward: 0
History: [2, 10, 0, 12, 8, 10, 5, 10, 4, 11, 6, 9, 3, 12, 7, 11, 1], Probability: 1.0693061031940004e-05, Reward: 0
History: [2, 10, 0, 12, 8, 11, 5, 10, 4, 11, 6, 9, 3, 12, 7, 9, 1], Probability: 1.0693061031940004e-05, Reward: 0
History: [2, 10, 0, 12, 8, 11, 5, 10, 4, 11, 6, 9, 3, 12, 7, 11, 1], Probability: 1.0693061031940004e-05, Reward: 0
History: [2, 10, 0, 12, 8, 10, 5, 10, 4, 11, 6, 9, 3, 9, 7, 9, 1], Probability: 1.0693061031939943e-05, Reward: 0
History: [2, 10, 0, 12, 8, 10, 5, 10, 4, 11, 6, 9, 3, 9, 7, 11, 1], Probability: 1.0693061031939943e-05, Reward: 0
History: [2, 10, 0, 12, 8, 10, 5, 10, 4, 11, 6, 9, 3, 11, 7, 9, 1], Probability: 1.0693061031939943e-05, Reward: 0
History: [2, 10, 0, 12, 8, 10, 5, 10, 4, 11, 6, 9, 3, 11, 7, 11, 1], Probability: 1.0693061031939943e-05, Reward: 0
History: [2, 10, 0, 12, 8, 11, 5, 10, 4, 11, 6, 9, 3, 9, 7, 9, 1], Probability: 1.0693061031939943e-05, Reward: 0
History: [2, 10, 0, 12, 8, 11, 5, 10, 4, 11, 6, 9, 3, 9, 7, 11, 1], Probability: 1.0693061031939943e-05, Reward: 0
History: [2, 10, 0, 12, 8, 11, 5, 10, 4, 11, 6, 9, 3, 11, 7, 9, 1], Probability: 1.0693061031939943e-05, Reward: 0
History: [2, 10, 0, 12, 8, 11, 5, 10, 4, 11, 6, 9, 3, 11, 7, 11, 1], Probability: 1.0693061031939943e-05, Reward: 0
History: [2, 11, 0, 12, 8, 10, 5, 10, 4, 11, 6, 11, 3, 12, 7, 9, 1], Probability: 9.138551993733479e-06, Reward: 0
History: [2, 11, 0, 12, 8, 10, 5, 10, 4, 11, 6, 11, 3, 9, 7, 9, 1], Probability: 9.138551993733428e-06, Reward: 0
History: [2, 11, 0, 12, 8, 10, 5, 10, 4, 11, 6, 11, 3, 11, 7, 9, 1], Probability: 9.138551993733428e-06, Reward: 0
History: [0, 11, 4, 10, 6, 11, 3, 9, 5, 10, 7, 10, 1, 9, 2, 12, 8], Probability: 8.18539088282897e-06, Reward: 0
History: [0, 11, 4, 10, 6, 11, 3, 9, 5, 10, 7, 10, 1, 10, 2, 12, 8], Probability: 8.18539088282897e-06, Reward: 0
History: [0, 11, 4, 10, 6, 11, 3, 9, 5, 10, 7, 10, 1, 12, 2, 12, 8], Probability: 8.18539088282897e-06, Reward: 0
History: [0, 11, 4, 10, 6, 11, 3, 9, 5, 10, 7, 12, 1, 9, 2, 10, 8], Probability: 8.18539088282897e-06, Reward: 0
History: [0, 11, 4, 10, 6, 11, 3, 9, 5, 10, 7, 12, 1, 10, 2, 10, 8], Probability: 8.18539088282897e-06, Reward: 0
History: [0, 11, 4, 10, 6, 11, 3, 9, 5, 10, 7, 12, 1, 12, 2, 10, 8], Probability: 8.18539088282897e-06, Reward: 0
History: [0, 12, 8, 10, 2, 10, 1, 9, 4, 12, 6, 11, 7, 10, 5, 11, 3], Probability: 6.794746466082433e-06, Reward: 0
History: [0, 12, 8, 10, 2, 10, 1, 9, 4, 12, 6, 11, 7, 10, 5, 12, 3], Probability: 6.794746466082433e-06, Reward: 0
History: [2, 10, 6, 12, 8, 9, 5, 10, 4, 10, 0, 11, 3, 12, 7, 9, 1], Probability: 6.551335720128754e-06, Reward: 0
History: [2, 10, 6, 12, 8, 11, 5, 10, 4, 10, 0, 11, 3, 12, 7, 9, 1], Probability: 6.551335720128754e-06, Reward: 0
History: [2, 10, 6, 12, 8, 9, 5, 10, 4, 9, 0, 11, 3, 12, 7, 9, 1], Probability: 6.551335720128749e-06, Reward: 0
History: [2, 10, 6, 12, 8, 11, 5, 10, 4, 9, 0, 11, 3, 12, 7, 9, 1], Probability: 6.551335720128749e-06, Reward: 0
History: [2, 10, 6, 12, 8, 9, 5, 10, 4, 10, 0, 11, 3, 9, 7, 9, 1], Probability: 6.551335720128718e-06, Reward: 0
History: [2, 10, 6, 12, 8, 9, 5, 10, 4, 10, 0, 11, 3, 11, 7, 9, 1], Probability: 6.551335720128718e-06, Reward: 0
History: [2, 10, 6, 12, 8, 11, 5, 10, 4, 10, 0, 11, 3, 9, 7, 9, 1], Probability: 6.551335720128718e-06, Reward: 0
History: [2, 10, 6, 12, 8, 11, 5, 10, 4, 10, 0, 11, 3, 11, 7, 9, 1], Probability: 6.551335720128718e-06, Reward: 0
History: [2, 10, 6, 12, 8, 9, 5, 10, 4, 9, 0, 11, 3, 9, 7, 9, 1], Probability: 6.551335720128712e-06, Reward: 0
History: [2, 10, 6, 12, 8, 9, 5, 10, 4, 9, 0, 11, 3, 11, 7, 9, 1], Probability: 6.551335720128712e-06, Reward: 0
History: [2, 10, 6, 12, 8, 11, 5, 10, 4, 9, 0, 11, 3, 9, 7, 9, 1], Probability: 6.551335720128712e-06, Reward: 0
History: [2, 10, 6, 12, 8, 11, 5, 10, 4, 9, 0, 11, 3, 11, 7, 9, 1], Probability: 6.551335720128712e-06, Reward: 0
History: [2, 11, 4, 12, 8, 11, 5, 10, 3, 10, 0, 11, 7, 9, 6, 9, 1], Probability: 4.936332808900271e-06, Reward: 0
History: [2, 11, 4, 12, 8, 11, 5, 10, 3, 10, 0, 11, 7, 10, 6, 9, 1], Probability: 4.936332808900271e-06, Reward: 0
History: [2, 11, 4, 12, 8, 11, 5, 10, 3, 10, 0, 11, 7, 11, 6, 9, 1], Probability: 4.936332808900271e-06, Reward: 0
History: [2, 11, 4, 12, 8, 11, 5, 10, 3, 10, 0, 11, 7, 12, 6, 9, 1], Probability: 4.936332808900271e-06, Reward: 0
History: [8, 11, 4, 11, 2, 11, 5, 10, 3, 10, 0, 11, 7, 9, 6, 9, 1], Probability: 4.936332808900271e-06, Reward: 0
History: [8, 11, 4, 11, 2, 11, 5, 10, 3, 10, 0, 11, 7, 10, 6, 9, 1], Probability: 4.936332808900271e-06, Reward: 0
History: [8, 11, 4, 11, 2, 11, 5, 10, 3, 10, 0, 11, 7, 11, 6, 9, 1], Probability: 4.936332808900271e-06, Reward: 0
History: [8, 11, 4, 11, 2, 11, 5, 10, 3, 10, 0, 11, 7, 12, 6, 9, 1], Probability: 4.936332808900271e-06, Reward: 0
History: [2, 11, 0, 12, 8, 10, 5, 10, 4, 11, 6, 9, 3, 12, 7, 9, 1], Probability: 4.569275996866739e-06, Reward: 0
History: [2, 11, 0, 12, 8, 10, 5, 10, 4, 11, 6, 9, 3, 12, 7, 11, 1], Probability: 4.569275996866739e-06, Reward: 0
History: [2, 11, 0, 12, 8, 10, 5, 10, 4, 11, 6, 9, 3, 9, 7, 9, 1], Probability: 4.569275996866714e-06, Reward: 0
History: [2, 11, 0, 12, 8, 10, 5, 10, 4, 11, 6, 9, 3, 9, 7, 11, 1], Probability: 4.569275996866714e-06, Reward: 0
History: [2, 11, 0, 12, 8, 10, 5, 10, 4, 11, 6, 9, 3, 11, 7, 9, 1], Probability: 4.569275996866714e-06, Reward: 0
History: [2, 11, 0, 12, 8, 10, 5, 10, 4, 11, 6, 9, 3, 11, 7, 11, 1], Probability: 4.569275996866714e-06, Reward: 0
History: [2, 10, 6, 12, 8, 9, 5, 10, 4, 10, 0, 9, 3, 12, 7, 9, 1], Probability: 3.275667860064377e-06, Reward: 0
History: [2, 10, 6, 12, 8, 9, 5, 10, 4, 10, 0, 9, 3, 12, 7, 11, 1], Probability: 3.275667860064377e-06, Reward: 0
History: [2, 10, 6, 12, 8, 11, 5, 10, 4, 10, 0, 9, 3, 12, 7, 9, 1], Probability: 3.275667860064377e-06, Reward: 0
History: [2, 10, 6, 12, 8, 11, 5, 10, 4, 10, 0, 9, 3, 12, 7, 11, 1], Probability: 3.275667860064377e-06, Reward: 0
History: [2, 10, 6, 12, 8, 9, 5, 10, 4, 9, 0, 9, 3, 12, 7, 9, 1], Probability: 3.2756678600643746e-06, Reward: 0
History: [2, 10, 6, 12, 8, 9, 5, 10, 4, 9, 0, 9, 3, 12, 7, 11, 1], Probability: 3.2756678600643746e-06, Reward: 0
History: [2, 10, 6, 12, 8, 11, 5, 10, 4, 9, 0, 9, 3, 12, 7, 9, 1], Probability: 3.2756678600643746e-06, Reward: 0
History: [2, 10, 6, 12, 8, 11, 5, 10, 4, 9, 0, 9, 3, 12, 7, 11, 1], Probability: 3.2756678600643746e-06, Reward: 0
History: [2, 10, 6, 12, 8, 9, 5, 10, 4, 10, 0, 9, 3, 9, 7, 9, 1], Probability: 3.275667860064359e-06, Reward: 0
History: [2, 10, 6, 12, 8, 9, 5, 10, 4, 10, 0, 9, 3, 9, 7, 11, 1], Probability: 3.275667860064359e-06, Reward: 0
History: [2, 10, 6, 12, 8, 9, 5, 10, 4, 10, 0, 9, 3, 11, 7, 9, 1], Probability: 3.275667860064359e-06, Reward: 0
History: [2, 10, 6, 12, 8, 9, 5, 10, 4, 10, 0, 9, 3, 11, 7, 11, 1], Probability: 3.275667860064359e-06, Reward: 0
History: [2, 10, 6, 12, 8, 11, 5, 10, 4, 10, 0, 9, 3, 9, 7, 9, 1], Probability: 3.275667860064359e-06, Reward: 0
History: [2, 10, 6, 12, 8, 11, 5, 10, 4, 10, 0, 9, 3, 9, 7, 11, 1], Probability: 3.275667860064359e-06, Reward: 0
History: [2, 10, 6, 12, 8, 11, 5, 10, 4, 10, 0, 9, 3, 11, 7, 9, 1], Probability: 3.275667860064359e-06, Reward: 0
History: [2, 10, 6, 12, 8, 11, 5, 10, 4, 10, 0, 9, 3, 11, 7, 11, 1], Probability: 3.275667860064359e-06, Reward: 0
History: [2, 10, 6, 12, 8, 9, 5, 10, 4, 9, 0, 9, 3, 9, 7, 9, 1], Probability: 3.275667860064356e-06, Reward: 0
History: [2, 10, 6, 12, 8, 9, 5, 10, 4, 9, 0, 9, 3, 9, 7, 11, 1], Probability: 3.275667860064356e-06, Reward: 0
History: [2, 10, 6, 12, 8, 9, 5, 10, 4, 9, 0, 9, 3, 11, 7, 9, 1], Probability: 3.275667860064356e-06, Reward: 0
History: [2, 10, 6, 12, 8, 9, 5, 10, 4, 9, 0, 9, 3, 11, 7, 11, 1], Probability: 3.275667860064356e-06, Reward: 0
History: [2, 10, 6, 12, 8, 11, 5, 10, 4, 9, 0, 9, 3, 9, 7, 9, 1], Probability: 3.275667860064356e-06, Reward: 0
History: [2, 10, 6, 12, 8, 11, 5, 10, 4, 9, 0, 9, 3, 9, 7, 11, 1], Probability: 3.275667860064356e-06, Reward: 0
History: [2, 10, 6, 12, 8, 11, 5, 10, 4, 9, 0, 9, 3, 11, 7, 9, 1], Probability: 3.275667860064356e-06, Reward: 0
History: [2, 10, 6, 12, 8, 11, 5, 10, 4, 9, 0, 9, 3, 11, 7, 11, 1], Probability: 3.275667860064356e-06, Reward: 0
History: [2, 11, 4, 12, 8, 11, 5, 10, 3, 12, 1, 11, 7, 11, 6, 9, 0], Probability: 3.1603269718796833e-06, Reward: 0
History: [2, 11, 4, 12, 8, 11, 5, 10, 3, 12, 7, 11, 1, 9, 0, 9, 6], Probability: 3.1603269718796833e-06, Reward: 0
History: [8, 11, 4, 11, 2, 11, 5, 10, 3, 12, 1, 11, 7, 11, 6, 9, 0], Probability: 3.1603269718796833e-06, Reward: 0
History: [8, 11, 4, 11, 2, 11, 5, 10, 3, 12, 7, 11, 1, 9, 0, 9, 6], Probability: 3.1603269718796833e-06, Reward: 0
History: [6, 11, 4, 9, 0, 9, 3, 9, 5, 9, 7, 10, 1, 12, 2, 12, 8], Probability: 1.5704623305651825e-06, Reward: 0
History: [6, 11, 4, 9, 0, 9, 3, 9, 5, 9, 7, 12, 1, 12, 2, 10, 8], Probability: 1.5704623305651825e-06, Reward: 0
History: [6, 11, 4, 9, 0, 9, 3, 9, 5, 11, 7, 10, 1, 12, 2, 12, 8], Probability: 1.5704623305651825e-06, Reward: 0
History: [6, 11, 4, 9, 0, 9, 3, 9, 5, 11, 7, 12, 1, 12, 2, 10, 8], Probability: 1.5704623305651825e-06, Reward: 0
History: [2, 11, 4, 12, 8, 11, 5, 10, 3, 12, 0, 11, 7, 9, 6, 9, 1], Probability: 1.0534423239598944e-06, Reward: 0
History: [2, 11, 4, 12, 8, 11, 5, 10, 3, 12, 0, 11, 7, 10, 6, 9, 1], Probability: 1.0534423239598944e-06, Reward: 0
History: [2, 11, 4, 12, 8, 11, 5, 10, 3, 12, 0, 11, 7, 11, 6, 9, 1], Probability: 1.0534423239598944e-06, Reward: 0
History: [8, 11, 4, 11, 2, 11, 5, 10, 3, 12, 0, 11, 7, 9, 6, 9, 1], Probability: 1.0534423239598944e-06, Reward: 0
History: [8, 11, 4, 11, 2, 11, 5, 10, 3, 12, 0, 11, 7, 10, 6, 9, 1], Probability: 1.0534423239598944e-06, Reward: 0
History: [8, 11, 4, 11, 2, 11, 5, 10, 3, 12, 0, 11, 7, 11, 6, 9, 1], Probability: 1.0534423239598944e-06, Reward: 0
History: [2, 11, 4, 12, 8, 11, 5, 10, 3, 12, 6, 11, 1, 9, 0, 9, 7], Probability: 7.900817429699208e-07, Reward: 0
History: [2, 11, 4, 12, 8, 11, 5, 10, 3, 12, 6, 11, 1, 10, 0, 9, 7], Probability: 7.900817429699208e-07, Reward: 0
History: [2, 11, 4, 12, 8, 11, 5, 10, 3, 12, 6, 11, 1, 11, 0, 9, 7], Probability: 7.900817429699208e-07, Reward: 0
History: [2, 11, 4, 12, 8, 11, 5, 10, 3, 12, 6, 11, 1, 12, 0, 9, 7], Probability: 7.900817429699208e-07, Reward: 0
History: [8, 11, 4, 11, 2, 11, 5, 10, 3, 12, 6, 11, 1, 9, 0, 9, 7], Probability: 7.900817429699208e-07, Reward: 0
History: [8, 11, 4, 11, 2, 11, 5, 10, 3, 12, 6, 11, 1, 10, 0, 9, 7], Probability: 7.900817429699208e-07, Reward: 0
History: [8, 11, 4, 11, 2, 11, 5, 10, 3, 12, 6, 11, 1, 11, 0, 9, 7], Probability: 7.900817429699208e-07, Reward: 0
History: [8, 11, 4, 11, 2, 11, 5, 10, 3, 12, 6, 11, 1, 12, 0, 9, 7], Probability: 7.900817429699208e-07, Reward: 0
History: [6, 11, 4, 9, 0, 9, 3, 9, 5, 9, 2, 10, 8, 11, 7, 12, 1], Probability: 7.852311652825912e-07, Reward: 0
History: [6, 11, 4, 9, 0, 9, 3, 9, 5, 9, 2, 10, 8, 12, 7, 12, 1], Probability: 7.852311652825912e-07, Reward: 0
History: [6, 11, 4, 9, 0, 9, 3, 9, 5, 9, 2, 12, 7, 11, 8, 10, 1], Probability: 7.852311652825912e-07, Reward: 0
History: [6, 11, 4, 9, 0, 9, 3, 9, 5, 9, 2, 12, 7, 12, 8, 10, 1], Probability: 7.852311652825912e-07, Reward: 0
History: [6, 11, 4, 9, 0, 9, 3, 9, 5, 9, 8, 10, 1, 9, 2, 12, 7], Probability: 7.852311652825912e-07, Reward: 0
History: [6, 11, 4, 9, 0, 9, 3, 9, 5, 9, 8, 10, 1, 12, 2, 12, 7], Probability: 7.852311652825912e-07, Reward: 0
History: [6, 11, 4, 9, 0, 9, 3, 9, 5, 9, 8, 12, 1, 9, 2, 10, 7], Probability: 7.852311652825912e-07, Reward: 0
History: [6, 11, 4, 9, 0, 9, 3, 9, 5, 9, 8, 12, 1, 12, 2, 10, 7], Probability: 7.852311652825912e-07, Reward: 0
History: [6, 11, 4, 9, 0, 9, 3, 9, 5, 11, 2, 10, 8, 11, 7, 12, 1], Probability: 7.852311652825912e-07, Reward: 0
History: [6, 11, 4, 9, 0, 9, 3, 9, 5, 11, 2, 10, 8, 12, 7, 12, 1], Probability: 7.852311652825912e-07, Reward: 0
History: [6, 11, 4, 9, 0, 9, 3, 9, 5, 11, 2, 12, 7, 11, 8, 10, 1], Probability: 7.852311652825912e-07, Reward: 0
History: [6, 11, 4, 9, 0, 9, 3, 9, 5, 11, 2, 12, 7, 12, 8, 10, 1], Probability: 7.852311652825912e-07, Reward: 0
History: [6, 11, 4, 9, 0, 9, 3, 9, 5, 11, 8, 10, 1, 9, 2, 12, 7], Probability: 7.852311652825912e-07, Reward: 0
History: [6, 11, 4, 9, 0, 9, 3, 9, 5, 11, 8, 10, 1, 12, 2, 12, 7], Probability: 7.852311652825912e-07, Reward: 0
History: [6, 11, 4, 9, 0, 9, 3, 9, 5, 11, 8, 12, 1, 9, 2, 10, 7], Probability: 7.852311652825912e-07, Reward: 0
History: [6, 11, 4, 9, 0, 9, 3, 9, 5, 11, 8, 12, 1, 12, 2, 10, 7], Probability: 7.852311652825912e-07, Reward: 0
History: [2, 11, 4, 12, 8, 11, 5, 10, 3, 10, 7, 11, 1, 9, 0, 9, 6], Probability: 2.598069899421185e-07, Reward: 0
History: [2, 11, 4, 12, 8, 11, 5, 10, 3, 10, 7, 11, 1, 10, 0, 9, 6], Probability: 2.598069899421185e-07, Reward: 0
History: [2, 11, 4, 12, 8, 11, 5, 10, 3, 10, 7, 11, 1, 11, 0, 9, 6], Probability: 2.598069899421185e-07, Reward: 0
History: [2, 11, 4, 12, 8, 11, 5, 10, 3, 10, 7, 11, 1, 12, 0, 9, 6], Probability: 2.598069899421185e-07, Reward: 0
History: [8, 11, 4, 11, 2, 11, 5, 10, 3, 10, 7, 11, 1, 9, 0, 9, 6], Probability: 2.598069899421185e-07, Reward: 0
History: [8, 11, 4, 11, 2, 11, 5, 10, 3, 10, 7, 11, 1, 10, 0, 9, 6], Probability: 2.598069899421185e-07, Reward: 0
History: [8, 11, 4, 11, 2, 11, 5, 10, 3, 10, 7, 11, 1, 11, 0, 9, 6], Probability: 2.598069899421185e-07, Reward: 0
History: [8, 11, 4, 11, 2, 11, 5, 10, 3, 10, 7, 11, 1, 12, 0, 9, 6], Probability: 2.598069899421185e-07, Reward: 0
